10142710502
10235833226
10254272138
10296942727
10419795973
10473959612
10650828759
10698671924
10730432291
10737922461
10764799537
10788374859
10878634948
10882991848
10932531110
11038606810
1115849179
1115929329
1116620646
1116635029
1116653245
1116663326
1116675513
1116684822
1116723458
1116725789
1116733265
1116760072
1116902910
1116949546
1117064769
1117078383
1117087973
1117212162
1117214864
1117229173
1117327023
1117362172
1117430140
1117502585
1117727053
1117871392
1117876882
1117886051
1117892895
1117894483
1117896147
1117905966
1117909454
1117910982
1117913428
1117915116
1117915452
1117916209
1117916904
1117917926
1117920035
1117923362
1117923625
1117923884
1117924312
1117925089
1117928321
1117928433
1117928494
1117928715
1117929719
1117932939
1117933059
1117936517
1117938395
1117938569
1117941112
1117942409
1117942563
1117943917
1117945378
1117945469
1117947268
1117947782
1117948389
1117948569
1117948576
1117949834
1117950044
1117950076
1117950447
1117950822
1117950987
1117951482
1117951573
1117951620
1117951633
1117951642
1117951736
1117951902
1117952375
1117952802
1117953357
1117953370
1117955160
1117955217
1117955240
1117955590
1117955772
1117957010
1117957553
1117957606
1117957619
1117957749
1117958657
1117959456
1117959731
1117960401
1117960514
1117960588
1117960799
1117960858
1117961095
1117961286
1117961494
1117961718
1117961808
1117962303
1117963171
1117964359
1117964648
1117965175
1117965207
1117965271
1117965426
1117965750
1117966198
1117968081
1117968304
1117969564
1117969627
1117969696
1117970410
1117970904
1117971069
1117971246
1117971421
1117971703
1117972041
1117972045
1117972858
1117972932
1117972964
1117973004
1117973017
1117973737
1117974164
1117974193
1117974449
1117974681
1117974925
1117975194
1117975197
1117975198
1117975371
1117975639
1117975950
1117976303
1117977639
1117978250
1117978898
1117978943
1117979422
1117979598
1117979698
1117980467
1117980842
1117981235
1117981237
1117981240
1117981242
1117981491
1117981578
1117981879
1117982055
1117982147
1117982496
1117982920
1117983057
1117983258
1117983763
1117983791
1117984291
1117984355
1117984796
1117984919
1117984976
1117985202
1117985226
1117985491
1117986064
1117986191
1117986741
1117986825
1117986914
1117987103
1117987128
1117987243
1117987343
1117987756
1117987812
1117987874
1117989080
1117989126
1117989172
1117989620
1117990488
1117990510
1117990533
1117990693
1117990700
1117991040
1117991139
1117991482
1117991486
1117991519
1117992165
1117992334
1117992665
1117994293
1117994877
1117994959
1117995048
1117995143
1117995460
1117995495
1117995528
1117995894
1117997428
1117997699
1117997808
1117998071
1117998548
1117999093
1117999187
1117999239
1117999380
1117999459
1117999668
1117999865
1117999884
1117999916
1118000429
1118000638
1118000690
1118000736
1118000966
1118001146
1118001503
1118003081
1118003082
1118003103
1118003261
1118003347
1118003438
1118003556
1118003619
1118003649
1118003777
1118004366
1118004428
1118004697
1118005397
1118005472
1118005595
1118006290
1118006301
1118006686
1118006767
1118007024
1118007095
1118007254
1118007429
1118007537
1118007828
1118007858
1118008240
1118008445
1118008749
1118008846
1118009412
1118009465
1118009631
1118009651
1118009709
1118009744
1118009850
1118010470
1118010567
1118010608
1118010610
1118010720
1118010925
1118010949
1118010993
1118011128
1118011134
1118011237
1118011378
1118011469
1118011921
1118012188
1118012504
1118012508
1118012522
1118012547
1118012579
1118012869
1118012966
1118013034
1118013110
1118013200
1118013298
1118013695
1118013719
1118013808
1118014247
1118014258
1118014269
1118014313
1118014473
1118014474
1118014661
1118014665
1118014861
1118015158
1118015246
1118015426
1118015460
1118016123
1118016270
1118016333
1118016366
1118016393
1118016443
1118016468
1118016569
1118017157
1118017180
1118017845
1118018254
1118018748
1118018801
1118018832
1118018907
1118018929
1118019020
1118019073
1118019132
1118019377
1118019766
1118019769
1118019874
1118020070
1118020089
1118020311
1118020591
1118020596
1118020709
1118020758
1118020882
1118021021
1118021067
1118021358
1118021829
1118021832
1118021837
1118022149
1118022409
1118022482
1118022502
1118022638
1118022782
1118022818
1118022882
1118022943
1118023111
1118023150
1118023153
1118023375
1118023667
1118023725
1118023894
1118023934
1118023970
1118024306
1118024321
1118024324
1118024373
1118024403
1118024481
1118024657
1118024721
1118024735
1118024809
1118024837
1118024965
1118024973
1118024987
1118025062
1118025378
1118025608
1118025629
1118025662
1118025664
1118025901
1118026125
1118026496
1118026503
1118026554
1118026791
1118026862
1118026928
1118026967
1118027161
1118027163
1118027255
1118027320
1118027360
1118027844
1118027869
1118028079
1118028124
1118028130
1118028290
1118028376
1118028653
1118028663
1118028681
1118028777
1118028815
1118028821
1118028830
1118028864
1118028876
1118029167
1118029247
1118029336
1118029669
1118029748
1118030256
1118030494
1118030547
1118030888
1118030999
1118031047
1118031054
1118031072
1118031211
1118031228
1118031479
1118031606
1118031711
1118031858
1118032018
1118032085
1118032101
1118032331
1118032371
1118032388
1118032657
1118032762
1118032780
1118033685
1118033693
1118033728
1118033998
1118034001
1118034069
1118034083
1118034134
1118034417
1118034497
1118034606
1118034700
1118034906
1118035211
1118035360
1118035500
1118036182
1118036388
1118036459
1118036484
1118036548
1118036632
1118036748
1118036861
1118037195
1118037369
1118037453
1118037517
1118037522
1118037533
1118037788
1118037888
1118038001
1118038030
1118038044
1118038108
1118038880
1118039151
1118039153
1118039282
1118039291
1118039373
1118039378
1118039473
1118039496
1118039709
1118039915
1118040168
1118040239
1118040353
1118040468
1118040508
1118040658
1118040875
1118041092
1118041218
1118041295
1118041495
1118041632
1118041670
1118041729
1118041770
1118041809
1118042118
1118042208
1118042222
1118042279
1118042546
1118043126
1118043130
1118043187
1118043240
1118043296
1118043382
1118043471
1118043483
1118043620
1118043728
1118044214
1118044433
1118044446
1118044877
1118045107
1118045403
1118045457
1118045559
1118045758
1118045772
1118046581
1118046605
1118046956
1118047131
1118047250
1118047311
1118047376
1118047534
1118047670
1118047673
1118048015
1118048445
1118048631
1118048677
1118048726
1118048925
1118049067
1118049142
1118049307
1118049390
1118049410
1118049444
1118049452
1118049480
1118049510
1118049529
1118049935
1118050073
1118050118
1118050127
1118050133
1118050278
1118050760
1118050800
1118051010
1118051025
1118051098
1118051104
1118051835
1118051964
1118051968
1118051987
1118052059
1118052067
1118052110
1118052136
1118052164
1118052185
1118052309
1118052638
1118052977
1118053336
1118053546
1118053554
1118053706
1118053863
1118053894
1118053906
1118053933
1118053935
1118054109
1118054134
1118054239
1118054241
1118054352
1118054515
1118054623
1118054624
1118055188
1118055366
1118055391
1118055408
1118055486
1118055781
1118055887
1118056729
1118056845
1118057620
1118058753
1118058806
1118058849
1118059116
1118059156
1118059184
1118059293
1118059324
1118059399
1118059607
1118059659
1118059718
1118059740
1118059752
1118059836
1118060043
1118060099
1118060465
1118060470
1118060478
1118060539
1118060556
1118060587
1118060604
1118060610
1118060695
1118061101
1118061111
1118061189
1118061377
1118061415
1118061433
1118061481
1118061527
1118061619
1118061795
1118062114
1118062199
1118062251
1118062309
1118062324
1118062334
1118062419
1118062582
1118062778
1118063074
1118063084
1118063087
1118063294
1118063686
1118063809
1118063868
1118063871
1118063913
1118064039
1118064145
1118064197
1118064245
1118064340
1118064510
1118064526
1118065250
1118065264
1118065401
1118065554
1118065558
1118065582
1118065614
1118065883
1118065890
1118066002
1118066129
1118066214
1118066576
1118066745
1118066746
1118066811
1118066898
1118067431
1118067718
1118067764
1118067876
1118068001
1118068090
1118068146
1118068195
1118068346
1118068384
1118068585
1118068655
1118068814
1118069025
1118069052
1118069264
1118069281
1118069311
1118069610
1118069772
1118069869
1118069897
1118069933
1118070252
1118070636
1118070672
1118070736
1118071034
1118071059
1118071150
1118071322
1118071507
1118071594
1118071610
1118071623
1118071753
1118071886
1118072200
1118072566
1118072630
1118072682
1118072819
1118072867
1118072980
1118073143
1118073918
1118074535
1118074585
1118074599
1118074636
1118074694
1118074790
1118074970
1118074974
1118074998
1118075031
1118075117
1118075132
1118075182
1118075285
1118075658
1118075694
1118075716
1118075779
1118075872
1118075951
1118076108
1118076145
1118076164
1118076225
1118076313
1118076373
1118076504
1118077298
1118077398
1118077461
1118077650
1118077823
1118077948
1118077999
1118078007
1118078083
1118078141
1118078318
1118078605
1118078783
1118078894
1118079202
1118079255
1118079259
1118079957
1118079971
1118080460
1118080665
1118080737
1118080738
1118080829
1118080871
1118081243
1118081260
1118081488
1118081695
1118081740
1118081752
1118081772
1118081908
1118082121
1118082890
1118083185
1118083211
1118083426
1118083470
1118083519
1118083959
1118084256
1118084456
1118084813
1118084903
1118085426
1118085476
1118085565
1118085569
1118085613
1118085666
1118086030
1118086117
1118086666
1118086716
1118086752
1118086801
1118086814
1118087021
1118087195
1118087207
1118087360
1118087413
1118087480
1118088134
1118088313
1118088420
1118088481
1118088775
1118089007
1118089054
1118089221
1118089293
1118090039
1118090081
1118090133
1118090214
1118090277
1118090518
1118090585
1118090763
1118091119
1118091820
1118092276
1118092353
1118092473
1118092651
1118092675
1118092729
1118093045
1118093195
1118094277
1118094819
1118094897
1118094904
1118095034
1118095064
1118095455
1118095739
1118095762
1118095854
1118095897
1118095954
1118096423
1118096455
1118096662
1118096775
1118097460
1118097890
1118097904
1118098083
1118098114
1118098118
1118098233
1118098252
1118098397
1118098438
1118098981
1118099068
1118099502
1118099684
1118099804
1118099805
1118099821
1118099827
1118099997
1118100448
1118100639
1118100681
1118100777
1118100846
1118100970
1118101768
1118101793
1118101982
1118102173
1118102198
1118102464
1118102601
1118102706
1118102864
1118103156
1118103318
1118103574
1118103752
1118103816
1118103861
1118103948
1118104469
1118104648
1118104765
1118105069
1118105730
1118105741
1118105913
1118106628
1118106690
1118106785
1118106859
1118107687
1118107770
1118108330
1118108490
1118108578
1118109423
1118109662
1118109693
1118109899
1118110589
1118110625
1118110628
1118110909
1118110954
1118111336
1118111475
1118111476
1118111681
1118112143
1118112178
1118112586
1118112709
1118112808
1118113028
1118114584
1118114585
1118115073
1118115075
1118115078
1118115080
1118115082
1118115616
1118115694
1118115757
1118115767
1118116375
1118116460
1118116680
1118116801
1118117131
1118117276
1118117330
1118117375
1118117472
1118117576
1118117854
1118118021
1118118033
1118118053
1118118060
1118118062
1118118161
1118118163
1118118410
1118118416
1118118546
1118118915
1118119257
1118119260
1118119262
1118119630
1118119901
1118120077
1118120257
1118120421
1118120512
1118120608
1118120610
1118121319
1118121323
1118121370
1118121406
1118121474
1118121596
1118121679
1118122575
1118122622
1118122741
1118122787
1118123587
1118123938
1118124165
1118124170
1118124443
1118125149
1118125430
1118125533
1118126094
1118126100
1118126622
1118126720
1118126895
1118127159
1118127169
1118127392
1118129022
1118129229
1118129338
1118129391
1118129488
1118129536
1118129705
1118129781
1118130897
1118131445
1118131974
1118132159
1118132223
1118134674
1118134685
1118135118
1118135230
1118135429
1118135467
1118135695
1118135713
1118135935
1118136226
1118136354
1118136616
1118136637
1118136994
1118137221
1118137278
1118137302
1118137507
1118137714
1118138347
1118138588
1118138724
1118138898
1118138981
1118139026
1118139030
1118139285
1118139456
1118140058
1118140381
1118140521
1118140992
1118141402
1118141578
1118141793
1118141919
1118142149
1118142658
1118142732
1118143025
1118143048
1118143112
1118143118
1118143157
1118143401
1118143551
1118143783
1118144330
1118144574
1118144584
1118144652
1118144748
1118145243
1118145393
1118145412
1118145457
1118145759
1118146287
1118146362
1118146594
1118146792
1118146893
1118147081
1118147116
1118147264
1118147445
1118147520
1118147611
1118147766
1118148516
1118148598
1118148631
1118148971
1118149228
1118149700
1118150449
1118150557
1118150581
1118150732
1118150734
1118150937
1118151162
1118151615
1118152221
1118152226
1118152243
1118152721
1118152723
1118152731
1118152743
1118152785
1118152905
1118152975
1118153013
1118153258
1118153495
1118153682
1118154337
1118154386
1118154533
1118154580
1118154779
1118154940
1118154958
1118155350
1118155504
1118155853
1118156189
1118156401
1118156685
1118157081
1118157156
1118157230
1118157584
1118158003
1118158018
1118160779
1118161014
1118161042
1118161142
1118161508
1118161862
1118162007
1118162174
1118162314
1118162499
1118162581
1118162677
1118162695
1118162723
1118162856
1118163010
1118163234
1118163362
1118163579
1118163705
1118164362
1118164412
1118164524
1118164549
1118164578
1118165041
1118165197
1118165260
1118165482
1118165753
1118165782
1118165801
1118165994
1118166393
1118166432
1118166496
1118166574
1118166725
1118166760
1118166832
1118166904
1118166993
1118166999
1118167172
1118167575
1118167657
1118168018
1118168036
1118168040
1118168104
1118168270
1118168337
1118168489
1118168530
1118168741
1118168938
1118169000
1118169084
1118169202
1118169557
1118169844
1118169845
1118170639
1118170915
1118171132
1118172066
1118172213
1118172685
1118173073
1118173164
1118173231
1118173232
1118173556
1118173659
1118173672
1118173727
1118173804
1118173891
1118173957
1118173974
1118174296
1118174690
1118175095
1118175124
1118175209
1118175280
1118175475
1118175802
1118176004
1118176179
1118176250
1118176460
1118176902
1118176939
1118177247
1118177360
1118177537
1118177678
1118177697
1118177962
1118178048
1118178421
1118178833
1118179077
1118179093
1118179248
1118179800
1118179909
1118179939
1118180063
1118180235
1118180571
1118180620
1118180782
1118180850
1118181110
1118181584
1118181842
1118182971
1118183432
1118183618
1118183663
1118183725
1118183789
1118183793
1118183802
1118184429
1118184572
1118184736
1118184992
1118185023
1118185123
1118185137
1118185143
1118185177
1118185341
1118185543
1118185690
1118186050
1118186079
1118186111
1118186133
1118186186
1118186582
1118186638
1118186640
1118186830
1118187884
1118187968
1118188072
1118188348
1118188461
1118188884
1118189108
1118189166
1118189509
1118189795
1118189908
1118190231
1118190238
1118190239
1118190566
1118190794
1118190831
1118191298
1118191882
1118192401
1118192733
1118192839
1118192918
1118193090
1118193092
1118193290
1118193580
1118193696
1118193717
1118193800
1118194024
1118194275
1118194284
1118194369
1118194370
1118194795
1118194832
1118194977
1118195104
1118195161
1118195231
1118195268
1118195281
1118195377
1118195573
1118195605
1118195829
1118196042
1118196082
1118196262
1118196599
1118196675
1118196684
1118196706
1118196763
1118196781
1118197113
1118197137
1118197372
1118197591
1118197642
1118197821
1118198264
1118198352
1118198459
1118198628
1118198718
1118198771
1118198780
1118198919
1118199013
1118199110
1118199639
1118199683
1118199878
1118199901
1118199911
1118200033
1118200466
1118200542
1118200696
1118200711
1118200908
1118201103
1118201969
1118202072
1118202075
1118202089
1118202091
1118202092
1118202175
1118202880
1118202965
1118203000
1118203006
1118203025
1118203148
1118203151
1118203228
1118203841
1118203842
1118204644
1118204812
1118205040
1118205238
1118205274
1118205447
1118205815
1118207456
1118207499
1118207693
1118207818
1118207852
1118208053
1118208227
1118209400
1118209625
1118209827
1118209893
1118210032
1118210314
1118211290
1118212576
1118212625
1118213082
1118213600
1118213757
1118213802
1118213927
1118214051
1118214521
1118214551
1118214552
1118214612
1118214641
1118215469
1118216257
1118216382
1118216530
1118216728
1118217282
1118218591
1118219400
1118219944
1118219985
1118220059
1118220141
1118220584
1118220812
1118220946
1118221161
1118221656
1118221751
1118221856
1118221972
1118222908
1118223399
1118223605
1118223735
1118224709
1118224710
1118224716
1118224727
1118224772
1118224977
1118225128
1118225363
1118225403
1118225461
1118225830
1118225889
1118227154
1118227168
1118228183
1118228876
1118228938
1118228955
1118228973
1118229216
1118229299
1118229646
1118229753
1118229898
1118230272
1118230476
1118230486
1118230579_2
1118230596
1118230643
1118231513
1118232115
1118232117
1118232769
1118232986
1118233028
1118233259
1118233476
1118233500
1118234279
1118234471
1118234472
1118234484
1118234489
1118234722
1118234746
1118235039
1118235296
1118235374
1118235506
1118235911
1118236137
1118236138
1118236160
1118236726
1118236743
1118236775
1118236929
1118237059
1118237090
1118237190
1118237307
1118237317
1118237347
1118237769
1118237961
1118238176
1118238317
1118238564
1118238569
1118238574
1118238595
1118238627
1118238984
1118239274
1118239308
1118239420
1118239454
1118239778
1118239902
1118240131
1118240137
1118240402
1118240418
1118240419
1118240433
1118240497
1118240512
1118240528
1118240588
1118240605
1118240924
1118241038
1118241412
1118241521
1118242458
1118242478
1118242499
1118242508
1118242513
1118242567
1118242615
1118243179
1118243318
1118243394
1118243507
1118244183
1118244184
1118244244
1118244275
1118244363
1118244489
1118244619
1118244865
1118244976
1118245107
1118245153
1118245450
1118245858
1118245860
1118246183
1118246655
1118247418
1118247423
1118248021
1118248169
1118248790
1118254441
1118254441_2
1118257458
1118258344
1118262216
1118262625
1118263131
1118263846
1118263992
1118264072
1118264180
1118264271
1118265720
1118265741
1118265805
1118266954
1118267051
1118267094
1118268870
1118268949
1118270044
11189980768
11269541486
2131827
2140873
2144364
2148238
2152685
2159646
2159935
2162247
2162414
2162562
2162589
2162698
2162701
2162717
2162758
2162939
2163025
2163028
2163032
2163154
2163171
2163282
2163768
2163824
2163967
2163971
2163993
2164025
2164170
2164244
2164324
2164416
2164661
2164662
2164775
2164785
2164803
2164814
2164844
2164897
2164933
2164965
2165015
2165042
2165050
2165091
2165141
2165142
2165152
2165172
2165187
2165188
2165301
2165327
2165362
2165363
2165377
2165393
2165404
2165434
2165491
2165517
2165561
2165570
2165626
2165634
2165807
2165811
2165851
2165862
2166063
2166161
2166269
2166279
2166404
2166502
2166565
2166593
2166701
2166755
2166815
2166878
2166923
2167032
2167088
2167129
2167136
2167267
2167309
2167340
2167360
2167372
2167434
2167443
2167483
2167506
2167562
2167679
2167709
2167786
2167890
2167958
2167980
2167983
2168019
2168020
2168039
2168108
2168163
2168174
2168177
2168362
2168459
2168633
2168770
2168809
2168829
2168955
2168966
2169047
2169062
2169091
2169126
2169153
2169210
2169226
2169265
2169334
2169377
2169501
2169511
2169538
2169587
2169621
2169660
2169667
2169744
2169749
2169758
2169759
2169889
2170006
2170016
2170110
2170127
2170136
2170146
2170166
2170194
2170201
2170213
2170285
2170301
2170321
2170365
2170389
2170505
2170520
2170524
2170556
2170656
2170728
2170736
2170754
2170768
2170804
2171026
2171037
2171109
2171229
2171280
2171316
2171347
2171363
2171374
2171531
2171566
2171580
2171739
2171744
2171821
2171911
2171915
2171966
2172210
2172358
2172414
2172560
2172586
2172592
2172596
2172611
2172618
2172727
2172815
2172867
2172912
2173001
2173037
2173083
2173196
2173275
2173326
2173365
2173387
2173434
2173445
2173446
2173456
2173473
2173475
2173512
2173523
2173576
2173588
2173598
2173708
2173712
2173793
2173809
2173965
2173988
2174014
2174029
2174056
2174065
2174073
2174076
2174109
2174159
2174215
2174237
2174432
2174442
2174555
2174572
2174631
2174703
2174711
2174737
2174800
2174842
2174892
2174916
2174945
2174981
2174982
2175038
2175057
2175097
2175153
2175187
2175273
2175278
2175301
2175303
2175321
2175354
2175375
2175384
2175387
2175418
2175433
2175494
2175496
2175535
2175616
2175635
2175637
2175661
2175709
2175721
2175726
2175729
2175736
2175772
2175801
2175808
2175823
2175872
2175890
2175893
2175895
2175915
2175976
2176118
2176125
2176249
2176252
2176258
2176263
2176316
2176353
2176360
2176364
2176435
2176462
2176504
2176507
2176516
2176534
2176548
2176549
2176622
2176630
2176652
2176663
2176713
2176717
2176720
2176732
2176736
2176743
2176749
2176771
2176787
2176804
2176806
2176867
2176878
2176893
2176909
2176910
2176941
2176969
2176981
2177003
2177123
2177143
2177145
2177173
2177197
2177254
2177255
2177270
2177299
2177311
2177335
2177350
2177391
2177398
2177402
2177424
2177455
2177456
2177473
2177481
2177482
2177508
2177513
2177515
2177567
2177571
2177573
2177588
2177603
2177615
2177620
2177670
2177686
2177689
2177691
2177702
2177738
2177757
2177797
2177826
2177832
2177854
2177855
2177857
2177860
2177862
2177936
2177948
2177951
2177956
2177977
2177987
2177989
2178006
2178007
2178038
2178056
2178057
2178060
2178068
2178074
2178079
2178089
2178095
2178166
2178175
2178176
2178180
2178183
2178213
2178251
2178252
2178256
2178289
2178327
2178363
2178409
2178415
2178436
2178462
2178477
2178478
2178546
2178589
2178593
2178617
2178684
2178688
2178738
2178742
2178748
2178754
2178757
2178782
2178790
2178794
2178820
2178904
2179127
2179147
2179148
2179193
2179194
2179217
2179238
2179251
2179314
2179321
2179356
2179382
2179399
2179401
2179412
2179421
2179494
2179505
2179538
2179780
2179807
2179815
2179842
2179848
2179902
2179906
2179921
2179930
2179934
2179941
2179950
2179983
2179989
2179990
2180001
2180010
2180012
2180013
2180031
2180070
2180071
2180077
2180095
2180096
2180101
2180103
2180112
2180124
2180149
2180176
2180186
2180211
2180279
2180303
2180314
2180335
2180362
2180365
2180370
2180389
2180402
2180411
2180443
2180444
2180450
2180453
2180463
2180464
2180470
2180471
2180475
2180497
2180510
2180531
2180582
2180586
2180589
2180613
2180614
2180631
2180633
2180645
2180668
2180674
2180675
2180692
2180701
2180708
2180719
2180749
2180793
2180795
2180804
2180805
2180871
5001383574
5002200482
5004506767
5004789716
5009900194
5012283057
5014204709
5018600554
5018649894
5020929705
5029501402
5033307886
5035407673
5042382243
5048537771
5049221532
5052036953
5056044669
5065912062
5066214667
5066623701
5068468028
5069250623_4
5071760934
5072444565
5084764675
5084975870
5085050515
5089800035
5091979085
5095790340
5097743570
5097788212
5098056680
5098261721
5099583845
5103454316
5114874063
5119969363
5125688484
5137338165
5137604266
5137685970
5138707562
5141362837
5141630109
5142505035
5144856032
5149102033
5154303723
5156772003
5157929639
5164165763
5164339664
5166623543
5167528389
5171475819
5172107693
5172649901
5175833807
5177266194
5178672690
5180331040
5189971648
5198960720
5202195791
5207383748
5219528918
5223397066
5228453823
5237698241
5238147739
5239389053
5245764095
5251504648
5259070938
5260241405
5263014270
5265444634
5270412161
5274116499
5275385450
5280109112
5288252925
5290869512
5290986432
5304274762
5309063240
5309645643
5311453604
5312461269
5313976102
5315459982
5323915773
5327199231
5329351227
5341397523
5343343521
5344079759
5354541916
5359049322
5362344387
5363208878
5375222412
5375514620
5376212308
5382295461
5392423733
5394624823
5395468847
5397245678
5401356701
5406563339
5411805195
5414070968
5420985016
5425467001
5426366281
5430741691
5433632074
5441796612
5445564621
5448509979
5452574688
5455798291
5455821367
5456847284
5460051722
5461954101
5464995998
5469537052
5477885400
5478688763
5479825383
5480755296
5481975390
5483234447
5483688964
5487544825
5490255478
5493890157
5497061249
5498892155
5499670611
5502706045
5508689822
5522867719
5524892234
5525832410
5526087414
5529629165
5533337917
5535426826
5537975476
5539375828
5544147464
5544221556
5546957835
5550094814
5551690043
5552214798
5555768370
5556301290
5560730533
5563354282
5567050394
5568401637
5570985200
5575239631
5578098200
5578161432
5579602559
5581792945
5582991142
5584067902
5586528116
5588051800
5589329355
5596283914
5597868167
5603971964
5608602656
5609054086
5609793981
5614039370
5621128354
5626937387
5628883948
5630206945
5633205025
5635601532
5636160448
5640201025
5641951425
5645215124
5654111995
5655137947
5658208206
5658322466
5666045333
5666391383
5666697491
5669244065
5673271897
5673944700
5678104314
5681460406
5682614000
5684509369
5701508319
5704613379
5707085174
5720605144
5720645955
5721879831
5722344572
5722929731
5739736908
5741936294
5744618615
5748302221
5749034710
5753490458
5753843876
5758349479
5760482406
5766766747
5767250632
5768070103
5769875600
5780175241
5780280025
5780779539
5786483237
5789554523
5791140731
5791893593
5792636506
5793998427
5795406933
5801203539
5803474003
5806295908
5808057717
5809563019
5814074282
5814548356
5815052651
5818554078
5823120343
5827340756
5832705882
5838831780
5850231217
5853258249
5854364839
5855026618
5858069433
5859614707
5864730346
5874247342
5883005398
5884455294
5885556943
5886585002
5889312430
5892535192
5893353636
5895886926
5897702425
5897726207
5902383411
5904158913
5909299836
5909547111
5910280773
5910497716
5913493614
5916615698
5919812035
5924169716
5933199123
5939002597
5941638463
5950319061
5953461548
5956003924
5958729411
5978869019
5979680781
5980453664
5980550398
5984333003
5984784195
5987688704
5995413836
5996937954
5997964148
6000022210
6000022410
6002354182
6003867533
6005621215
6006219133
6012682279
6013241558
6015500336
6021262142
6024976388
6025115691
6028588983
6039866502
6057118541
6064466671
6065775055
6069298416
6071171064
6074945368
6076273131
6080268600
6084121763
6084861018
6093765722
6095285579
6096982265
6099086533
6099429486
6100912616
6103561471
6106852372
6107746541
6120568669
6137050723
6138299337
6139344550
6143794009
6150451087
6154287451
6157576001
6157966268
6159536586
6159637873
6169350194
6170939428
6179654155
6186117326
6190279022
6190344572
6191213664
6193787139
6194283594
6200451262
6200886004
6202465863
6213138198
6215363243
6216553212
6218124197
6218862359
6224540724
6227079837
6232021406
6232486501
6234029268
6234723070
6238572081
6239937847
6242002371
6244761486
6250208041
6251525966
6251965323
6257564284
6262754001
6263615400
6264089243
6265984881
6266867121
6273837720
6275180361
6278036893
6278485061
6279210741
6282778527
6282911232
6286456941
6291170133
6295116814
6296771758
6297940549
6300173658
6301527375
6306441207
6307322244
6312016193
6314465654
6315505179
6315675361
6319292080
6320746866
6321347393
6323635228
6324855337
6335378071
6337650020
6339645547
6340611189
6344138769
6352069154
6363479242
6366088749
6367008900
6374231001
6377120287
6383662354
6386428093
6402225025
6419321691
6420903251
6424498781
6427381072
6440299495
6440657851
6441149548
6446817272
6452410294
6452631615
6461565362
6464450827
6468976047
6473366442
6474023405
6476515767
6479028580
6489213432
6489895168
6492859665
6495468073
6496659220
6503454422
6505395106
6508004378
6519874660
6520023782
6521811919
6522425576
6524296598
6524831978
6526986788
6527941145
6532263115
6532487130
6537301318
6539304711
6540025277
6540171445
6541302813
6549466137
6550856766_2
6551687282
6561419913
6566126355
6568949163
6576666088
6588749564
6592553145
6598934434
6599052844
6608172174
6608386626
6608454668
6609597624
6609926347
6610391468
6612559201
6619695283
6620248914
6627674710
6630271573
6633270464
6637782457
6642496393
6643058696
6649579540
6650843555
6651041762
6652593764
6652863146
6659987351
6660999574
6661854482
6661854482_3
6662257575
6667601438
6685597284
6686330725
6689824246
6693659391
6694667458
6696310838
6696736430
6700631869
6700801092
6705715339
6706628108
6706677564
6707260984
6708630432
6712412398
6713336261
6714234212
6716533995
6724410569
6725574303
6733329446
6735771494
6735865916
6739966025
6751156434
6753774735
6761788906
6766739105
6766904926
6772389865
6775330179
6779168253
6783934100
6791296802
6791679002
6796199892
6801324565
6802222375
6812968282
6813716484
6818081920
6818451665
6825330733
6829029843
6834778286
6843363453
6871448329
6874422760
6880864773
6883764333
6888673448
6889545509
6891719908
6892064121
6897324820
6904466095
6905710820
6907693805
6911773022
6913060853
6913676700
6914801461
6917407332
6928942618
6933375297
6934122717
6936203604
6940641341
6944945335
6950635121
6952466240
6961780319
6964970136
6979946666
6982312648
6982975532
6989155738
6990099095
6996468041
7000332513
7009395879
7013371650
7017394653
7018237277
7029188668
7029655501
7029916102
7030042392
7030222154
7032689733
7032782973
7033967214
7039460713
7040806946
7043330629
7044995115
7051597825
7051975741
7056713197
7060550346
7065844615
7068292930
7068781652
7069380989
7071333432
7076924001
7080232687
7087776816_4
7099049972
7099599438
7102366195
7107359262
7108372825
7114827615
7114986511
7115436674
7116636705
7117876885
7122344129
7125834204
7129013925
7131674663
7132049713
7146977013
7150472146
7157282762
7162650319
7168008311
7168027344
7175980607
7177184374
7177548146
7179887781
7184443302
7189574120
7192508637
7193177411
7193795742
7200884812
7203234713
7206559690
7212194926
7216874755
7218905827
7230581676
7231734321
7234265491
7244435957
7245013448
7256657769
7259865397
7262675467
7263184470
7263969125
7265959045
7269309722
7287744083
7290613713
7292001737
7292004292
7293671748
7294219894
7297547194
7297665488
7299630815
7299869721
7300725305
7302054391
7302493034
7304988869
7307519514
7314543272
7338014690
7349925033
7353592582
7375875543
7384409756
7385245457
7388610125
7395288040
7405055158
7409786044
7413651235
7413744407
7416084174
7417111555
7419813367
7420625498
7421139980
7430620323
7434719202
7437230886
7443117020
7448616568
7450340138
7451914423
7462536822
7473459904
7480510884
7486924460
7487077504
7488665597
7489444691
7491415354
7493380534
7496225411
7505239308
7512038987
7513011555
7513727210
7518502847
7518912102
7522602045
7532260733
7534984662
7535464044
7538100677
7542392224
7542524710
7551050391
7556710187
7557164300
7561861927
7565905889
7569084172
7570909895
7571389295
7577672281
7579093227
7579969795
7584207931
7587092079
7588146113
7588677942
7589043862
7591996693
7595342863
7596534962
7600290677
7606617576
7613031174
7616594191
7626040609
7626450568
7627196368
7629395513
7634535492
7634815774
7636724873
7637751245
7639258017
7646247605
7647348753
7649066870
7651401728
7652049581
7654248292
7657233215
7658697353
7659704759
7661560260
7665072566
7665858258
7666404438
7672493651
7678656172
7679195450
7680165566
7682767894
7683542525
7690141661
7693350824
7699177813
7701154022
7703339535
7706248147
7713309428
7713331226
7714516750
7716976755
7718655501
7719251880
7720118148
7732475592
7735170518
7752682351
7755384784
7763461613
7768179710
7768347615
7769303872
7779241979
7782285848
7784700305
7795334667
7800891157
7803206739
7803304176
7811347807
7814190888
7816905963
7836360247
7836669858
7838169441
7841093495
7844223350
7844333966
7845297410
7857855450
7864309709
7865904722
7868763506
7869845803
7870450279
7878904932
7884517769
7891988377
7892700795
7894253564
7895164577
7896210837
7898681296
7900668882
7902643327
7902735744
7903327008
7905602453
7909830961
7913207220
7913671231
7915098423
7916592965
7920834490
7929395284
7930521769
7935939803
7940206425
7947224738
7954852243
7956695979
7956785703
7958051462
7959270689
7969957608
7970083537
7970585523
7975002320
7980304523
7982840345
7985335733
7988122762
8001714133
8002715215
8004804801
8005007818
8005295118
8005385344
8005640953
8007618821
8010048483
8011090552
8011879642
8012947773
8016048081
8016174155
8019788371
8020066966
8020539754
8021820598
8022545540
8023126526
8024403301
8025903832
8028888901
8034114280
8037119934
8037599348
8039180477
8039635625
8043857966
8046148857
8046573296
8048271961
8048891466
8050778819
8052154639
8052559332
8053724657
8054784821_2
8055382504
8055881003
8056828705
8059597022
8061438124
8062092010
8068110386
8079086763
8079664169
8080724125
8085763783
8086469751
8087284731
8092768915
8093821856
8094310954
8096454424
8099876164
8101077305
8104404499
8105740979
8107944051
8109909621
8110391115
8111243499
8113651964
8114765663
8117355680
8118595886
8119173602
8120362877
8121302441
8121945992
8123890540
8124269589
8126801755
8128408066
8130773083
8131209470
8136335971
8142434412
8147513518
8147791177
8147902537
8148489998
8150344628
8152012447
8152292060
8155833545
8156281990
8160739008
8161596415
8162314562
8163527534
8165970692
8166651822
8170597312
8173011124
8173143011
8174913669
8175299031
8175504244
8179850099
8186551052
8186618070
8187854621
8188323877
8188350095
8188372034
8189670709
8191707816
8194088680
8194598571
8194706325
8195472936
8197749533
8203219655
8204884835
8205881419
8209159606
8212209201
8213094284
8213914494
8217702743
8219306498
8220233914
8223906794
8225166795
8225956379
8226030308
8227645412
8229759835
8230070722
8236569826
8237319179
8237882831
8239042393
8239192881
8240892847
8243187414
8244974093
8247692412
8248350827
8248833515
8250318460
8252662763
8253171947
8254143179
8254891844
8260561679
8260928323
8260956165
8261800781
8262462741
8262969901
8263245960
8263736880
8264819856
8266873490
8266986431
8267791307
8268051221
8268743948
8270310541
8272063977
8272894136
8274185125
8274450924
8274513816
8278270613
8278454579
8279374661
8279887731
8280195295
8283232441
8284267843
8284944117
8287357059
8290644325
8290993033
8293038890
8293301503
8294861460
8295480547
8298875481
8298976692
8301292466
8301739890
8301755707
8310152355
8310782981
8317610559
8319467029
8320513956
8322028042
8323238860
8323378350
8324019686
8324325496
8325865365
8326380623
8330490554
8332336622
8332700580
8333501013
8334641183
8338229100
8340119991
8340369549
8340459069
8341837107
8342695054
8342840583
8343022062
8343465978
8346514577
8350217015
8352649391
8352670283
8353612077
8354748399
8357121402
8359025828
8361649203
8362031471
8363351282
8363528169
8368551003
8370421723
8373559931
8374824203
8376672203
8376780737
8379986377
8380734069
8382100437
8384269287
8388171118
8388575146
8390548977
8394107713
8394436643
8394441318
8395975424
8396099280
8396640013
8396803492
8398167080
8398579720
8398657967
8399012640
8399639234
8399736027
8402939601
8403478281
8404008624
8405169464
8410685398
8411351770
8411511170
8411953965
8412646428
8413558802
8415328009
8416111545
8417699075
8423039788
8428412885
8428509697
8430496312
8430928834
8431766694
8433220796
8434667340
8435507711
8436085114
8436261885
8436598985
8437310796
8437330790
8437386357
8441138943
8442115087
8444055781
8446460652
8447173666
8447574476
8450235458
8453482441
8454333485
8455756470
8456745942
8458296073
8461173230
8462996439
8464451153
8465106031
8465361321
8466390185
8467505894
8468416592
8470343789
8470648029
8472493060
8475029876
8476064204
8479481650
8479532056
8480710300
8484944843
8486084356
8486496895
8487104319
8490605258
8493573339
8494220160
8494841747
8499801864
8502182622
8502427570
8502436084
8507002105
8507087766
8508021020
8508490801
8509897261
8510698051
8511166198
8511457755
8514365176
8515510489
8518470689
8519263375
8519605418
8520378164
8525645739
8527038768
8527092888
8527725614
8528815714
8529743104
8529804896
8531126083
8531477519
8535923260
8536591545
8537786114
8539812004
8540404974
8542116336
8542781232
8543004830
8544103993
8546638321
8546812790
8547145354
8547956327
8548151186
8549885938
8550612420
8551605931
8552652506
8553161974
8553327493
8553871700
8553947157
8554867296
8555987464
8557759860
8559799678
8564186464
8566988371
8567725109
8571391622
8571557718
8572195118
8572458265
8573147340
8575363984
8575483125
8576257401
8578453053
8580786636
8580855699
8580976027
8582721809
8583732668
8584529502
8585344914
8585679220
8590535085
8592863026
8593526757
8593983678
8595906205
8596840948
8597146530
8604097800
8605454892
8606104101
8606384809
8606522029
8607841469
8608862906
8611077942
8612425972
8612682633
8614959484
8615816088
8617013051
8618810694
8619797035
8620110721
8620126821
8620340593
8620916446
8621123542
8623148958
8623153828
8623189418
8623708514
8626103936
8626181321
8626240761
8631483529
8632005835
8634652037
8634675491
8635443017
8636076703
8638824261
8643346674
8643624732
8643723241
8644117544
8645494074
8646276657
8649090452
8649312851
8650816147
8652075126
8652108361
8652797633
8654361452
8654980242
8655707966
8656177436
8657791532
8659617127
8660116457
8664418869
8666986249
8667597687
8671668142
8672893112
8675698402
8677725502
8679028698
8680217986
8681270189
8682648961
8682794440
8684154276
8685163112
8685996151
8689081060
8689983980
8690366643
8692151366
8694969492
8695491575
8699358286
8701530162
8703688645
8704952848
8707638392
8707992990
8708085914
8709160507
8709911252
8709995083
8711844720
8711926360
8713593461
8714206415
8717161719
8718595521
8721765695
8725346996
8732488511
8736203098
8736294662
8737159028
8737211285
8737241414
8737552979
8738223422
8738493277
8739609829
8741001328
8742103227
8743165842
8744415463
8745153672
8747767475
8748694080
8750577399
8754501337
8756088134
8756501494
8758070721
8760907461
8761582730
8762593902
8768334554
8768565364
8769666222
8771062806
8772653535
8776358369
8779060641
8779505708
8784872338
8785154803
8786150488
8787838414
8790056155
8790128020
8792168656
8792278719
8793077046
8795984430
8796280451
8797925645
8801452667
8802218316
8802458200
8802581608
8803710857
8808578418
8810441699
8811917019
8812881117
8813231866
8815040452
8815859043
8816575774
8817341082
8819258064
8819600080
8824635287
8824744168
8826484346
8829307729
8831610681
8831637063
8831825019
8833188018
8834995046
8836425643
8838868388
8841325345
8843081013
8844126653
8847225494
8849118661
8850899419
8854467371
8854534972
8855057830
8855407271
8856140351
8856287215
8856872205
8857986890
8859266623
8859487499
8861368799
8864039454
8866931710
8869852461
8870317385
8871297085
8871659112
8872511300
8873366128
8874842931
8877222585
8877438641
8877468614
8879099899
8879341522
8880811146
8881270129
8881425906
8883614795
8884558267
8886195601
8887123650
8887862568
8888377273
8888677334
8889801081
8891608828
8892522635
8894698339
8897208318
8897288441
8897666121
8898049629
8898141079
8900070734
8901742128
8903267950
8903387180
8903855523
8905283883
8907626218
8908667223
8909625287
8909781682
8909840423
8913332101
8913816024
8921938423
8925039708
8925617958
8929354036
8931040012
8931509913
8932516058
8932870590
8933002169
8933654034
8934423841
8935131413
8937131580
8939359130
8944780455
8945431500
8945546778
8946589509
8946599301
8950654799
8951502830
8952620682
8955916359
8956442169
8958098337
8958605132
8959429890
8961084941
8961411191
8961781860
8962286079
8962502795
8966676887
8968231781
8969976573
8972615032
8972618355
8972931476
8974185639
8977251567
8978301980
8980094933
8981767675
8981995056
8982964596
8983746743
8983780781
8987393483
8987497617
8988016013
8988651057
8994540686
8995002951
8996425987
8997761203
9012827213
9013148664
9014917579
9025297430
9025805276
9027298211
9030314994
9031108705
9031597218
9036738199
9038664836
9038822457
9042020287
9047434082
9049186082
9049704858
9056530397
9059448282
9059999639
9061524214
9063212906
9064486469
9065893742
9068167676
9070154979
9072013183
9077477492
9077530106
9086335408
9092184672
9093606853
9095557384
9099082445
9099211671
9107422824
9108834117
9110555418
9111172246
9125769785
9129757840
9138838960
9147086288
9151696820
9153442952
9160014532
9164059783
9166309026
9175354435
9178142741
9182593109
9187841151
9191221682
9191766603
9193566889
9199699806
9200720567
9203967338
9205441579
9215360721
9216249735
9217531195
9221825361
9223830971
9246198289
9248159647
9259440206
9264249516
9274735784
9276256329
9277964077
9287511053
9288814795
9293066807
9383257829
9430699003
9534793640
9628755533
9684380052
9789426661
9795155289
9903737517