10016473578
10087554140
10370296382
10431257296
10495986466
10679855427
10689183274
10865125593
10874442930
10881483940
10953395676
10995956674
11019179658
11125173749
1115835820
1116123645
1116376020
1116520620
1116600059
1116613810
1116626212
1116627446
1116627644
1116631528
1116643439
1116661305
1116668890
1116691561
1116732708
1116736373
1116737379
1116740089
1116745625
1116751876
1116752833
1116753924
1116764948
1116826215
1116827466
1116896557
1116897879
1116900136
1116900587
1116976327
1117079220
1117150201
1117171013
1117203732
1117325231
1117325458
1117364533
1117375046
1117433213
1117584691
1117602405
1117609840
1117739644
1117742926
1117750876
1117752740
1117837699
1117848900
1117866575
1117872896
1117876729
1117876732
1117876861
1117881147
1117884054
1117887426
1117890865
1117892297
1117893862
1117896446
1117898829
1117899427
1117899466
1117903856
1117906215
1117906951
1117911371
1117911773
1117912144
1117916418
1117916696
1117918134
1117919236
1117919702
1117921288
1117921868
1117922170
1117924228
1117924290
1117924689
1117925868
1117928316
1117929691
1117937778
1117939027
1117939282
1117939500
1117940174
1117942316
1117943037
1117943476
1117944004
1117945530
1117946400
1117947484
1117947695
1117949575
1117949771
1117950129
1117950143
1117952143
1117952401
1117952479
1117952487
1117952500
1117952560
1117952867
1117953116
1117953506
1117953507
1117953928
1117953932
1117954038
1117954083
1117954102
1117955125
1117955195
1117955926
1117955936
1117955956
1117956147
1117956179
1117957876
1117957902
1117957915
1117957933
1117958072
1117958586
1117958646
1117958674
1117958727
1117958922
1117959817
1117959853
1117959994
1117960362
1117960564
1117960649
1117960727
1117961146
1117961284
1117961450
1117962129
1117962249
1117963009
1117963061
1117963316
1117963869
1117963894
1117964136
1117964610
1117964830
1117964971
1117965172
1117965446
1117965448
1117965474
1117965857
1117966469
1117966936
1117966953
1117966964
1117966981
1117966986
1117967571
1117967852
1117968870
1117968877
1117968978
1117968985
1117969452
1117969483
1117970391
1117970597
1117970617
1117971097
1117971172
1117971330
1117971341
1117971573
1117972336
1117972426
1117972528
1117972775
1117972849
1117972877
1117972997
1117973128
1117973154
1117973161
1117973477
1117973614
1117973670
1117973672
1117973715
1117973960
1117974171
1117974202
1117974251
1117974297
1117974352
1117974397
1117974740
1117974827
1117975016
1117975176
1117975233
1117975365
1117975370
1117975482
1117975503
1117975916
1117975918
1117976096
1117976330
1117976375
1117976577
1117976580
1117977011
1117977117
1117977519
1117977905
1117978310_2
1117978463
1117978583
1117978748
1117978885
1117979512
1117979620
1117979951
1117980152
1117980458
1117980508
1117980517
1117980523
1117981136
1117981445
1117981715
1117982036
1117982124
1117982255
1117982390
1117982462
1117982788
1117983028
1117983090
1117983498
1117983993
1117984002
1117984837
1117985180
1117985234
1117985255
1117985326
1117985384
1117985405
1117985472
1117985597
1117985804
1117985856
1117986131
1117986546
1117986950
1117986998
1117987724
1117987910
1117988252
1117988511
1117988797
1117988981
1117989571
1117989673
1117989675
1117989686
1117989880
1117990602
1117990691
1117990719
1117990739
1117991659
1117992050
1117992198
1117992794
1117993064
1117993074
1117993213
1117993280
1117993889
1117994320
1117994346
1117994633
1117994648
1117994991
1117995109
1117995494
1117995557
1117995574
1117995685
1117995708
1117995794
1117995971
1117996174
1117996642
1117996721
1117996772
1117997026
1117997547
1117997714
1117997727
1117997902
1117997973
1117998203
1117998733
1117998740
1117998845
1117998852
1117998856
1117998995
1117999017
1117999038
1117999184
1117999261
1117999345
1117999953
1118000183
1118000582
1118000590
1118000649
1118000853
1118002714
1118002772
1118002900
1118002903
1118003026
1118003223
1118003402
1118003452
1118003474
1118003476
1118003626
1118003662
1118003723
1118003814
1118004158
1118004159
1118004210
1118004452
1118004469
1118004718
1118004925
1118005001
1118005114
1118005126
1118005261
1118005509
1118005568
1118005656
1118005660
1118005816
1118006143
1118006206
1118006430
1118006469
1118006472
1118006475
1118007122
1118007341
1118007349
1118007368
1118007574
1118008058
1118008109
1118008112
1118008233
1118008524
1118008654
1118008844
1118008877
1118008892
1118008907
1118008976
1118009429
1118009503
1118009755
1118009901
1118010253
1118010563
1118010700
1118010907
1118010915
1118010955
1118011096
1118011221
1118011341
1118011432
1118012225
1118012605
1118012625
1118012633
1118012795
1118012915
1118012952
1118012976
1118013434
1118013581
1118013777
1118013825
1118014239
1118014255
1118014351
1118014354
1118014444
1118014603
1118014771
1118014793
1118015324
1118015358
1118015402
1118015429
1118015440
1118015448
1118015456
1118015883
1118015901
1118016245
1118016246
1118016256
1118016297
1118016337
1118016363
1118016398
1118016577
1118016817
1118017065
1118017222
1118017415
1118018035
1118018056
1118018063
1118018339
1118018429
1118018478
1118018513
1118018570
1118018626
1118018720
1118018892
1118018906
1118018993
1118019264
1118019330
1118019456
1118019751
1118019779
1118019916
1118019926
1118019953
1118019975
1118020009
1118020067
1118020217
1118020493
1118020574
1118020624
1118020648
1118020731
1118020916
1118020959
1118021164
1118021330
1118021612
1118021708
1118021952
1118021956
1118022075
1118022181
1118022214
1118022257
1118022326
1118022522
1118022548
1118022720
1118022913
1118022917
1118022987
1118023081
1118023129
1118023141
1118023170
1118023186
1118023374
1118023480
1118023545
1118023707
1118023908
1118023938
1118023991
1118024043
1118024183
1118024442
1118024571
1118024742
1118024807
1118024835
1118024872
1118024919
1118024927
1118024969
1118025529
1118025679
1118025687
1118025706
1118025722
1118025758
1118025895
1118026335
1118026347
1118026390
1118026392
1118026938
1118027066
1118027208
1118027231
1118027239
1118027244
1118027286
1118027295
1118027348
1118027390
1118027577
1118027670
1118027911
1118028009
1118028013
1118028033
1118028202
1118028255
1118028540
1118028673
1118028675
1118028680
1118028805
1118028901
1118029404
1118029502
1118030125
1118030388
1118030489
1118030604
1118030798
1118030818
1118030965
1118030975
1118031111
1118031201
1118031265
1118031402
1118031907
1118031933
1118031938
1118031943
1118031978
1118032017
1118032155
1118032233
1118032334
1118032379
1118032833
1118032981
1118033091
1118033093
1118033268
1118033277
1118033587
1118033672
1118033674
1118033687
1118033952
1118034082
1118034118
1118034522
1118034576
1118034767
1118035284
1118035373
1118035472
1118035481
1118035519
1118035561
1118035599
1118035646
1118035657
1118035776
1118035835
1118035850
1118035883
1118036019
1118036049
1118036118
1118036223
1118036270
1118036413
1118036700
1118036986
1118037054
1118037188
1118037205
1118037336
1118037350
1118037362
1118037452
1118037941
1118037990
1118038004
1118038009
1118038011
1118038085
1118038129
1118038162
1118038174
1118039155
1118039382
1118039475
1118039487
1118039600
1118039650
1118039711
1118039803
1118039928
1118039980
1118040252
1118040284
1118040371
1118040392
1118040403
1118040538
1118040624
1118040832
1118041362
1118041671
1118041812
1118042074
1118042122
1118042167
1118042367
1118042368
1118042401
1118042479
1118042497
1118042535
1118042935
1118043305
1118043383
1118043385
1118043394
1118043397
1118043414
1118043517
1118043630
1118043819
1118043948
1118044451
1118044802
1118044952
1118044994
1118045578
1118045619
1118045654
1118045888
1118046461
1118046624
1118046728
1118046767
1118046781
1118046905
1118046959
1118047115
1118047172
1118047238
1118047251
1118047522
1118048106
1118048338
1118048340
1118048342
1118048416
1118048459
1118048578
1118048645
1118048799
1118048832
1118048975
1118049030
1118049070
1118049438
1118049443
1118049547
1118049615
1118049659
1118049890
1118050008
1118050125
1118050201
1118050242
1118050540
1118050583
1118050789
1118050862
1118050920
1118050929
1118051076
1118051175
1118051383
1118051488
1118051711
1118051883
1118051915
1118052163
1118052175
1118052227
1118052230
1118052253
1118052266
1118052272
1118052276
1118052286
1118052490
1118052593
1118052780
1118052803
1118052811
1118052817
1118052907
1118053073
1118053438
1118053564
1118053605
1118053682
1118053812
1118053832
1118053859
1118053879
1118054052
1118054105
1118054127
1118054232
1118054320
1118054366
1118054452
1118054459
1118054461
1118054497
1118054531
1118055018
1118055144
1118055196
1118055256
1118055540
1118055701
1118055944
1118056724
1118056848
1118056877
1118056987
1118058687
1118058759
1118058838
1118058868
1118058924
1118059274
1118059289
1118059516
1118059533
1118059568
1118059575
1118059633
1118059660
1118059687
1118059763
1118059784
1118059914
1118059915
1118059992
1118060517
1118060561
1118060590
1118060623
1118060705
1118060890
1118060912
1118061046
1118061127
1118061179
1118061208
1118061349
1118061365
1118061457
1118061471
1118061552
1118061659
1118062130
1118062249
1118062391
1118062456
1118062457
1118062558
1118062816
1118062870
1118062925
1118063002
1118063151
1118063680
1118063695
1118063837
1118063846
1118064074
1118064102
1118064170
1118064201
1118064210
1118064369
1118064487
1118064509
1118064521
1118064565
1118065067
1118065068
1118065069
1118065157
1118065176
1118065326
1118065331
1118065353
1118065575
1118065687
1118066025
1118066178
1118066311
1118066326
1118066375
1118066524
1118066533
1118066585
1118066595
1118066683
1118066741
1118066743
1118066752
1118066856
1118067320
1118067326
1118067413
1118067446
1118067460
1118067710
1118067731
1118067802
1118067833
1118067883
1118068347
1118068462
1118069004
1118069017
1118069057
1118069135
1118069175
1118069181
1118069725
1118070000
1118070027
1118070505
1118070540
1118070766
1118070769
1118070866
1118071153
1118071221
1118071497
1118071548
1118071553
1118071618
1118071674
1118071698
1118071722
1118072175
1118072262
1118072459
1118072506
1118072508
1118072509
1118072522
1118072706
1118072818
1118072833
1118072847
1118072975
1118073008
1118073019
1118073020
1118073041
1118073105
1118073120
1118073136
1118073560
1118073573
1118074023
1118074596
1118074613
1118074619
1118074647
1118074687
1118074893
1118075041
1118075045
1118075081
1118075088
1118075096
1118075198
1118075260
1118075270
1118075545
1118075639
1118075646
1118075651
1118075676
1118075788
1118075857
1118075899
1118076363
1118076405
1118076414
1118076430
1118076436
1118076499
1118076732
1118076841
1118076940
1118076950
1118077038
1118077069
1118077137
1118077150
1118077151
1118077400
1118077430
1118077492
1118077853
1118077936
1118077953
1118078306
1118078311
1118078986
1118078995
1118079119
1118079122
1118079155
1118079181
1118079185
1118079234
1118079600
1118079707
1118079729
1118079942
1118080067
1118080334
1118080394
1118080433
1118080757
1118080779
1118080839
1118080894
1118080900
1118080903
1118080999
1118081103
1118081173
1118081356
1118081360
1118081456
1118081479
1118081501
1118081675
1118081793
1118081961
1118082290
1118082399
1118082462
1118082462_2
1118082497
1118083083
1118083309
1118083382
1118083415
1118083547
1118083681
1118083759
1118084029
1118084090
1118084205
1118084277
1118084289
1118084317
1118084397
1118084683
1118084739
1118084743
1118084749
1118084771
1118084797
1118085231
1118085443
1118085584
1118085612
1118085643
1118085693
1118085793
1118085912
1118085926
1118085967
1118086001
1118086098
1118086301
1118086497
1118086690
1118086721
1118086798
1118086836
1118086848
1118086892
1118087054
1118087088
1118087134
1118087243
1118087369
1118087512
1118087773
1118088204
1118088341
1118088405
1118088443
1118088453
1118088455
1118088460
1118088501
1118088570
1118088589
1118088606
1118088636
1118088649
1118088731
1118088755
1118088763
1118088787
1118088866
1118088922
1118088931
1118088933
1118088941
1118088967
1118089169
1118089219
1118089239
1118089240
1118089255
1118089256
1118089284
1118089294
1118089335
1118089441
1118089537
1118089547
1118089650
1118089746
1118089749
1118089880
1118090014
1118090098
1118090138
1118090152
1118090225
1118090260
1118090360
1118090535
1118090571
1118090675
1118090718
1118090754
1118090826
1118090833
1118090883
1118090931
1118090951
1118090976
1118091136
1118091444
1118091473
1118091486
1118091562
1118091658
1118091964
1118092153
1118092213
1118092217
1118092229
1118092263
1118092286
1118092309
1118092313
1118092384
1118092409
1118092459
1118092502
1118092515
1118092527
1118092568
1118092603
1118092638
1118093007
1118093034
1118093041
1118093046
1118093059
1118093062
1118093131
1118093153
1118093174
1118093294
1118093580
1118093614
1118093617
1118093618
1118093619
1118093648
1118093806
1118094035
1118094072
1118094132
1118094139
1118094232
1118094280
1118094428
1118094579
1118094599
1118094659
1118094682
1118094736
1118094744
1118094836
1118094966
1118095036
1118095058
1118095080
1118095127
1118095174
1118095180
1118095191
1118095243
1118095284
1118095345
1118095413
1118095418
1118095701
1118095753
1118095778
1118095822
1118095843
1118095932
1118095939
1118095964
1118096005
1118096134
1118096187
1118096194
1118096263
1118096295
1118096356
1118096419
1118096466
1118096629
1118096632
1118096696
1118096704
1118096744
1118096747
1118097219
1118097415
1118097418
1118097903
1118097909
1118097911
1118097940
1118097997
1118098028
1118098087
1118098119
1118098135
1118098170
1118098219
1118098220
1118098241
1118098242
1118098249
1118098269
1118098401
1118098437
1118098591
1118098645
1118098677
1118098702
1118098830
1118098839
1118098913
1118099034
1118099120
1118099211
1118099314
1118099330
1118099373
1118099462
1118099622
1118099624
1118099627
1118099628
1118099691
1118099796
1118099802
1118099812
1118099850
1118099861
1118099864
1118099907
1118099985
1118099990
1118100241
1118100265
1118100494
1118100497
1118100636
1118100750
1118100751
1118100763
1118100778
1118100825
1118100863
1118100902
1118100905
1118100929
1118100965
1118101014
1118101040
1118101060
1118101122
1118101129
1118101222
1118101656
1118101682
1118101690
1118101695
1118101696
1118101731
1118101832
1118101936
1118101958
1118102091
1118102108
1118102175
1118102280
1118102283
1118102477
1118102522
1118102585
1118102599
1118102647
1118102695
1118102740
1118102802
1118103003
1118103226
1118103227
1118103593
1118103621
1118103781
1118103819
1118103887
1118103907
1118103912
1118103917
1118103955
1118103995
1118104029
1118104052
1118104089
1118104110
1118104674
1118104684
1118104704
1118104744
1118104778
1118104782
1118104793
1118104809
1118104838
1118104839
1118104884
1118104885
1118104934
1118104950
1118105492
1118105497
1118105498
1118105507
1118105712
1118105776
1118105813
1118105856
1118105939
1118106069
1118106511
1118106593
1118106839
1118107085
1118107166
1118107643
1118107678
1118107738
1118107836
1118108051
1118108213
1118108283
1118108359
1118108503
1118108558
1118108601
1118109049
1118109414
1118109426
1118109553
1118109659
1118109660
1118109679
1118109705
1118109741
1118109748
1118109798
1118109828
1118109897
1118109913
1118109952
1118109975
1118110068
1118110150
1118110237
1118110387
1118110418
1118110444
1118110563
1118110666
1118110701
1118110708
1118110713
1118110727
1118110733
1118110756
1118110887
1118110893
1118110925
1118111003
1118111049
1118111606
1118111607
1118111634
1118111654
1118111665
1118111963
1118112272
1118112387
1118112447
1118112466
1118112511
1118112612
1118112631
1118112707
1118112727
1118112791
1118112920
1118112973
1118112998
1118113024
1118113039
1118113423
1118113429
1118113477
1118113540
1118113605
1118113713
1118113868
1118113898
1118113910
1118113921
1118113926
1118113951
1118113953
1118114050
1118114207
1118114271
1118114393
1118114396
1118114484
1118114529
1118114531
1118114592
1118114593
1118114604
1118114687
1118114732
1118115089
1118115488
1118115652
1118115674
1118115736
1118115746
1118116227
1118116307
1118116422
1118116446
1118116472
1118116475
1118116518
1118116532
1118116885
1118117005
1118117250
1118117264
1118117307
1118117334
1118117404
1118117493
1118117508
1118117528
1118117574
1118117693
1118117884
1118117916
1118118098
1118118101
1118118129
1118118147
1118118180
1118118286
1118118321
1118118363
1118118561
1118118570
1118118572
1118118761
1118119045
1118119187
1118119236
1118119290
1118119334
1118119355
1118119364
1118119374
1118119430
1118119435
1118119442
1118119444
1118119460
1118119472
1118119476
1118119491
1118119537
1118119538
1118119628
1118119754
1118119826
1118119871
1118120026
1118120072
1118120263
1118120348
1118120366
1118120474
1118120538
1118120655
1118120667
1118120674
1118120691
1118120737
1118120848
1118120850
1118121330
1118121371
1118121390
1118121465
1118121524
1118121541
1118121554
1118121646
1118121704
1118121736
1118121837
1118122029
1118122313
1118122711
1118122756
1118122874
1118123265
1118123307
1118123364
1118123448
1118123500
1118123678
1118123766
1118123782
1118123850_2
1118123865
1118123993
1118124433
1118124461
1118124536
1118124565
1118125124
1118125427
1118125610
1118125662
1118125839
1118125861
1118126088
1118126110
1118126254
1118126855
1118127023
1118127075
1118127093
1118127365
1118127618
1118127669
1118127788
1118127805
1118127836
1118127857
1118128020
1118128154
1118128878
1118128899
1118128951
1118129008
1118129034
1118129037
1118129082
1118129085
1118129142
1118129192
1118129203
1118129243
1118129381
1118129466
1118129763
1118129793
1118129850
1118129937
1118129971
1118130133
1118130153
1118130269
1118130422
1118130439
1118130784
1118130889
1118130910
1118130962
1118131032
1118131060
1118131113
1118131125
1118131318
1118131356
1118131359
1118131423
1118131550
1118131552
1118131773
1118131791
1118131807
1118131888
1118131992
1118132079
1118132172
1118132761
1118132817
1118132832
1118132858
1118132978
1118132999
1118133040
1118133084
1118133094
1118133110
1118133374
1118133383
1118133466
1118133528
1118133601
1118133648
1118133690
1118133736
1118133870
1118133895
1118133937
1118134148
1118134573
1118134625
1118134666
1118134805
1118134916
1118134981
1118135144
1118135147
1118135232
1118135283
1118135350
1118135492
1118135522
1118135680
1118135878
1118136257
1118136283
1118136328
1118136350
1118136368
1118136422
1118136504
1118136530
1118136761
1118136832
1118136978
1118136984
1118137094
1118137126
1118137286
1118137348
1118137567
1118137607
1118137789
1118137956
1118138048
1118138102
1118138129
1118138434
1118138634
1118138668
1118138690
1118138956
1118139161
1118139212
1118139223
1118139374
1118139472
1118139625
1118139680
1118139821
1118140334
1118140460
1118140519
1118140568
1118140621
1118140638
1118140722
1118140754
1118140758
1118140840
1118141179
1118141198
1118141314
1118141356
1118141392
1118141444
1118141447
1118141506
1118141542
1118141630
1118141682
1118141756
1118141762
1118141818
1118142175
1118142229
1118142275
1118142422
1118142621
1118142627
1118142634
1118142640
1118142694
1118142714
1118142780
1118142816
1118142882
1118142949
1118143008
1118143084
1118143113
1118143171
1118143340
1118143720
1118143737
1118143877
1118144274
1118144503
1118144526
1118144535
1118144559
1118144612
1118144655
1118144886
1118145025
1118145252
1118145351
1118145380
1118145454
1118145456
1118145464
1118145466
1118145492
1118145530
1118145632
1118145686
1118145811
1118145979
1118146197
1118146199
1118146203
1118146388
1118146444
1118146530
1118146650
1118146767
1118146768
1118147086
1118147155
1118147314
1118147427
1118147452
1118147480
1118147779
1118148500
1118148541
1118148569
1118148611
1118148633
1118148673
1118148676
1118148706
1118148742
1118148768
1118148769
1118148803
1118148818
1118148855
1118148859
1118148962
1118149119
1118149161
1118149450
1118149508
1118149562
1118149680
1118149705
1118149798
1118149843
1118149985
1118150004
1118150043
1118150303
1118150587
1118150746
1118150770
1118150984
1118151098
1118151151
1118151449
1118151483
1118151678
1118151699
1118151702
1118151705
1118151723
1118151741
1118151765
1118151902
1118151932
1118151935
1118152193
1118152268
1118152304
1118152512
1118152621
1118152654
1118152733
1118152819
1118152842
1118152861
1118152898
1118153002
1118153076
1118153192
1118153312
1118153318
1118153326
1118153339
1118153364
1118153373
1118153426
1118153432
1118153573
1118153606
1118153764
1118153816
1118153852
1118153868
1118153929
1118153935
1118153974
1118153994
1118154326
1118154529
1118154534
1118154606
1118154621
1118154751
1118154851
1118154856
1118154926
1118154953
1118155053
1118155164
1118155189
1118155239
1118155301
1118155316
1118155320
1118155377
1118155478
1118155503
1118155633
1118155663
1118155810
1118155958
1118156012
1118156270
1118156298
1118156332
1118156496
1118156682
1118156896
1118157025
1118157032
1118157087
1118157121
1118157215
1118157238
1118157298
1118157367
1118157666
1118157910
1118157936
1118157961
1118158035
1118158099
1118158208
1118158304
1118159933
1118160055
1118160068
1118160789
1118160803
1118160978
1118161035
1118161154
1118161290
1118161299
1118161357
1118161369
1118161383
1118161384
1118161389
1118161399
1118161400
1118161424
1118161533
1118161659
1118161752
1118161805
1118161837
1118161954
1118162041
1118162043
1118162202
1118162206
1118162455
1118162464
1118162687
1118162690
1118162693
1118162705
1118162725
1118162781
1118162840
1118162884
1118162999
1118163047
1118163238
1118163261
1118163523
1118163525
1118163616
1118163947
1118164161
1118164299
1118164314
1118164367
1118164405
1118164410
1118164435
1118164462
1118164483
1118164532
1118164541
1118164567
1118164579
1118164709
1118164950
1118164978
1118164989
1118165027
1118165140
1118165191
1118165293
1118165302
1118165397
1118165472
1118165643
1118165711
1118165964
1118166048
1118166200
1118166272
1118166307
1118166315
1118166438
1118166520
1118166544
1118166580
1118166630
1118166776
1118166823
1118166871
1118166981
1118167009
1118167017
1118167034
1118167058
1118167357
1118167529
1118167550
1118167555
1118167585
1118167687
1118167935
1118167966
1118168019
1118168048
1118168071
1118168096
1118168097
1118168110
1118168148
1118168294
1118168462
1118168471
1118168477
1118168590
1118168638
1118168676
1118168845
1118168846
1118168874
1118168913
1118168986
1118169004
1118169057
1118169126
1118169174
1118169748
1118169807
1118169846
1118169862
1118169908
1118169934
1118170003
1118170052
1118170053
1118170098
1118170131
1118170148
1118170263
1118170313
1118170529
1118170539
1118170599
1118170615
1118170650
1118170713
1118170725
1118170751
1118170838
1118170852
1118171072
1118171423
1118171463
1118171464
1118171552
1118171556
1118171584
1118171622
1118171729
1118171735
1118171869
1118171879
1118171920
1118172046
1118172236
1118172267
1118172356
1118172391
1118172477
1118172599
1118172682
1118173202
1118173238
1118173268
1118173325
1118173417
1118173537
1118173539
1118173622
1118173647
1118173725
1118173733
1118173756
1118173821
1118173829
1118173833
1118173872
1118173921
1118173978
1118174035
1118174146
1118174385
1118174790
1118174935
1118175087
1118175117
1118175134
1118175158
1118175170
1118175171
1118175302
1118175323
1118175333
1118175343
1118175344
1118175394
1118175494
1118175500
1118175530
1118175756
1118175757
1118175815
1118175907
1118175940
1118175964
1118175996
1118176055
1118176108
1118176112
1118176174
1118176267
1118176294
1118176334
1118176888
1118177039
1118177331
1118177332
1118177345
1118177372
1118177476
1118177597
1118177648
1118177677
1118177774
1118177796
1118177804
1118177908
1118177921
1118177936
1118178084
1118178086
1118178089
1118178103
1118178189
1118178207
1118178227
1118178353
1118178563
1118178645
1118178649
1118178817
1118178876
1118178882
1118178923
1118178925
1118179281
1118179344
1118179507
1118179567
1118179573
1118179793
1118179879
1118179884
1118179908
1118179923
1118179952
1118179961
1118179964
1118180038
1118180091
1118180130
1118180134
1118180155
1118180171
1118180330
1118180356
1118180389
1118180795
1118180811
1118180822
1118180846
1118180936
1118180943
1118180992
1118181098
1118181106
1118181109
1118181152
1118181210
1118181244
1118181262
1118181348
1118181475
1118181502
1118181603
1118181672
1118181689
1118181712
1118181844
1118181891
1118181950
1118181974
1118182034
1118182132
1118182136
1118182140
1118182142
1118182195
1118182441
1118182581
1118182708
1118182760
1118182761
1118182780
1118182798
1118182803
1118182847
1118182853
1118182881
1118182926
1118182946
1118182956
1118183103
1118183176
1118183196
1118183446
1118183492
1118183494
1118183499
1118183591
1118183622
1118183690
1118183712
1118183724
1118183811
1118183842
1118183933
1118183972
1118184195
1118184254
1118184335
1118184393
1118184439
1118184519
1118184614
1118184766
1118184814
1118184988
1118184995
1118185075
1118185104
1118185362
1118185512
1118185627
1118185653
1118185765
1118185803
1118185883
1118186035
1118186036
1118186052
1118186090
1118186158
1118186258
1118186264
1118186673
1118186678
1118186685
1118186688
1118186689
1118186927
1118187050
1118187057
1118187076
1118187173
1118187205
1118187324
1118187605
1118187765
1118187940
1118188118
1118188205
1118188224
1118188256
1118188732
1118188789
1118189060
1118189093
1118189098
1118189117
1118189154
1118189202
1118189260
1118189465
1118189562
1118189914
1118189923
1118189944
1118190036
1118190039
1118190234
1118190288
1118190289
1118190478
1118190564
1118190783
1118190784
1118190803
1118190805
1118190864
1118190909
1118191006
1118191041
1118191142
1118191210
1118191267
1118191493
1118191627
1118191777
1118191796
1118191859
1118191903
1118191943
1118191951
1118191973
1118192568
1118192575
1118192657
1118192686
1118192693
1118192704
1118192770
1118192777
1118192855
1118192952
1118193034
1118193056
1118193103
1118193321
1118193550
1118193635
1118193640
1118193699
1118193795
1118193832
1118193872
1118193994
1118194033
1118194046
1118194612
1118194616
1118194622
1118194653
1118194667
1118194684
1118194726
1118194842
1118194918
1118194954
1118194962
1118194992
1118195031
1118195092
1118195242
1118195321
1118195371
1118195552
1118195793
1118195848
1118195893
1118195983
1118196010
1118196029
1118196109
1118196337
1118196685
1118196698
1118196700
1118196714
1118196719
1118196723
1118196831
1118196985
1118197048
1118197051
1118197199
1118197330
1118197456
1118197620
1118197713
1118197718
1118197738
1118197775
1118197902
1118197903
1118197919
1118197944
1118197956
1118197975
1118198092
1118198473
1118198596
1118198659
1118198741
1118198791
1118198825
1118198860
1118198871
1118198922
1118198928
1118198996
1118199076
1118199098
1118199227
1118199289
1118199313
1118199456
1118199610
1118199611
1118199628
1118199739
1118199749
1118199758
1118199813
1118199820
1118199874
1118199906
1118200107
1118200170
1118200187
1118200313
1118200374
1118200382
1118200448
1118200452
1118200482
1118200686
1118201230
1118201260
1118201296
1118201472
1118201687
1118201818
1118202119
1118202125
1118202138
1118202174
1118202260
1118202272
1118202352
1118202391
1118202453
1118202470
1118202598
1118202619
1118202632
1118202646
1118202649
1118202738
1118202793
1118203098
1118203219
1118203456
1118203719
1118203843
1118203887
1118203907
1118203966
1118203982
1118204501
1118204570
1118204902
1118205182
1118206938
1118207445
1118207479
1118207488
1118207504
1118207539
1118207621
1118207845
1118207925
1118207950
1118208080
1118208081
1118208245
1118208273
1118208304
1118208385
1118208411
1118208458
1118208509
1118208519
1118209205
1118209238
1118209345
1118209448
1118209451
1118209460
1118209513
1118209635
1118209650
1118209765
1118209766
1118209948_3
1118209991
1118210001
1118210120
1118210219
1118210268
1118210572
1118210809
1118210901
1118210974
1118210987
1118210991
1118211021
1118211097
1118211122
1118211131
1118211145
1118211212
1118211322
1118211351
1118211428
1118211434
1118211455
1118211517
1118211533
1118211658
1118211677
1118211776
1118211787
1118211803
1118211812
1118211893
1118211899
1118212038
1118212423
1118212478
1118212548
1118212553
1118212555
1118212669
1118212805
1118212825
1118212940
1118212954
1118212956
1118212958
1118213009
1118213051
1118213075
1118213079
1118213095
1118213099
1118213179
1118213214
1118213292
1118213355
1118213587
1118213590
1118213652
1118213728
1118213886
1118214061
1118214471
1118214475
1118214535
1118214596
1118214620
1118214642
1118214674
1118215179
1118215185
1118215192
1118215221
1118215266
1118215370
1118215413
1118215455
1118215551
1118215569
1118216130
1118216313
1118216588
1118216783
1118217057
1118217066
1118217067
1118217079
1118217189
1118217194
1118217267
1118217322
1118217327
1118217477
1118218405
1118218520
1118219178
1118219358
1118219445
1118219463
1118219556
1118219563
1118219693
1118219793
1118219795
1118220010
1118220083
1118220149
1118220924
1118220975
1118221418
1118221424
1118221716
1118221749
1118221804
1118221935
1118222067
1118222218
1118222319
1118222640
1118222777
1118222778
1118222795
1118222941
1118223501
1118223573
1118223679
1118223858
1118223987
1118224021
1118224087
1118224330
1118224355
1118224605
1118224617
1118224685
1118224731
1118224739
1118224746
1118224754
1118224787
1118224788
1118224814
1118224864
1118224917
1118224937
1118224951
1118225110
1118225144
1118225160
1118225444
1118225506
1118225532
1118225617
1118225702
1118225714
1118225733
1118225860
1118226024
1118226025
1118226353
1118226467
1118226469
1118226502
1118226646
1118226765
1118226825
1118226844
1118226873
1118226900
1118226995
1118227031
1118227205
1118227235
1118227249
1118227326
1118227476
1118227914
1118228014
1118228376
1118228535
1118228703
1118228839
1118228865
1118228892
1118228945
1118229080
1118229250
1118229297_10
1118229297_2
1118229299_3
1118229450
1118229456
1118229632
1118229671
1118229686
1118229704
1118229761
1118229769
1118229802
1118229883
1118230121
1118230126
1118230280
1118230371
1118230473
1118230474
1118230600
1118230648
1118230735
1118230742
1118230785
1118231022
1118231059
1118231072
1118231105
1118231352
1118231397
1118231423
1118231442
1118231657
1118231729
1118232168
1118232250
1118232343
1118232344
1118232358
1118232379
1118232445
1118232522
1118232556
1118232676
1118232727
1118232796
1118232920
1118233112
1118233145
1118233162
1118233318
1118233382
1118233548
1118233592
1118233767
1118234464
1118234481
1118234649
1118234744
1118234797
1118234811
1118235180
1118235203
1118235285
1118235366
1118235509
1118235530
1118235588
1118235603
1118235635
1118236019
1118236027
1118236092
1118236097
1118236127
1118236188
1118236213
1118236366
1118236411
1118236502
1118236628
1118236703
1118236760
1118236783
1118236854
1118236918
1118236985
1118236998
1118237062
1118237204
1118237215
1118237240
1118237410
1118237645
1118237914
1118238430
1118238452
1118238453
1118238460
1118238481
1118238551
1118238670
1118238713
1118238803
1118238816
1118238838
1118238872
1118239084
1118239283
1118239321
1118239352
1118239452
1118239526
1118239548
1118239593
1118239613
1118239614
1118239882
1118239905
1118240216
1118240391
1118240410
1118240414
1118240447
1118240523
1118240604
1118240694
1118240952
1118241271
1118241329
1118241612
1118241635
1118241763
1118242063
1118242441
1118242445
1118242451
1118242464
1118242519
1118242536
1118242707
1118242840
1118242844
1118242922
1118243406
1118243460
1118243476
11228576507
11237511755
2076728
2139601
2140774
2144717
2145600
2149028
2149794
2150434
2151075
2151897
2152268
2153445
2154046
2154622
2157206
2157476
2157545
2157625
2157636
2158538
2159497
2160215
2160341
2160680
2161325
2161665
2161804
2162240
2162333
2162335
2162446
2162449
2162473
2162477
2162494
2162518
2162524
2162600
2162605
2162666
2162759
2162762
2162763
2162768
2162807
2162820
2162881
2162911
2162963
2163197
2163211
2163319
2163332
2163343
2163396
2163414
2163434
2163484
2163548
2163581
2163600
2163684
2163738
2163782
2163793
2163796
2163810
2163840
2163848
2163864
2163875
2163905
2163933
2163991
2163992
2164009
2164029
2164035
2164037
2164065
2164130
2164146
2164166
2164246
2164268
2164279
2164287
2164301
2164360
2164387
2164415
2164417
2164599
2164710
2164713
2164716
2164802
2164860
2164939
2165080
2165098
2165108
2165162
2165193
2165284
2165326
2165385
2165396
2165400
2165405
2165432
2165441
2165461
2165466
2165468
2165547
2165670
2165711
2165760
2165783
2165822
2165844
2165903
2165945
2166026
2166047
2166048
2166078
2166105
2166122
2166177
2166183
2166260
2166278
2166296
2166313
2166405
2166409
2166491
2166553
2166558
2166604
2166621
2166663
2166715
2166744
2166769
2166784
2166847
2166869
2166944
2166959
2166974
2167014
2167034
2167262
2167280
2167333
2167357
2167365
2167425
2167448
2167496
2167508
2167532
2167569
2167591
2167639
2167661
2167710
2167723
2167796
2167822
2167843
2167844
2167851
2167852
2167858
2167873
2167938
2167954
2167995
2167996
2168029
2168053
2168056
2168084
2168098
2168114
2168145
2168185
2168272
2168405
2168411
2168444
2168457
2168511
2168516
2168557
2168566
2168603
2168627
2168664
2168681
2168739
2168762
2168827
2168850
2168877
2168888
2168972
2168983
2169109
2169115
2169186
2169206
2169259
2169263
2169285
2169288
2169290
2169301
2169336
2169418
2169425
2169502
2169513
2169547
2169573
2169583
2169589
2169624
2169665
2169735
2169774
2169941
2170005
2170017
2170029
2170086
2170124
2170164
2170173
2170178
2170190
2170210
2170257
2170269
2170287
2170357
2170401
2170481
2170482
2170484
2170488
2170513
2170515
2170539
2170540
2170562
2170584
2170662
2170694
2170714
2170723
2170738
2170760
2170777
2170799
2170814
2170823
2170869
2170911
2170928
2170941
2170976
2170997
2171042
2171049
2171064
2171066
2171079
2171115
2171132
2171163
2171212
2171239
2171240
2171274
2171292
2171299
2171306
2171319
2171325
2171356
2171359
2171368
2171371
2171390
2171398
2171402
2171442
2171456
2171463
2171466
2171485
2171517
2171537
2171555
2171561
2171565
2171576
2171607
2171619
2171627
2171630
2171632
2171640
2171650
2171652
2171678
2171713
2171722
2171733
2171738
2171765
2171791
2171796
2171944
2171956
2171959
2171969
2171978
2171982
2171984
2172008
2172157
2172174
2172196
2172198
2172222
2172243
2172296
2172309_2
2172311_2
2172327
2172337
2172351
2172385
2172403
2172434
2172434_2
2172445
2172455
2172458
2172459
2172473
2172477
2172480
2172481
2172489
2172490
2172498
2172499
2172505
2172514
2172519
2172520
2172521
2172530
2172533
2172546
2172577
2172579
2172597
2172606
2172607
2172638
2172651
2172696
2172703
2172709
2172742
2172744
2172756
2172765
2172768
2172792
2172823
2172825
2172835
2172841
2172846
2172851
2172874
2172922
2172927
2172940
2172957_3
2172987
2173041
2173063
2173077
2173096
2173101
2173103
2173110
2173122
2173125
2173149
2173154
2173156
2173159
2173167
2173170
2173173
2173188
2173194
2173201
2173202
2173207
2173221
2173229
2173254
2173261
2173263
2173315
2173330
2173361
2173374
2173380
2173472
2173507
2173516
2173535
2173561
2173602
2173615
2173632
2173640
2173690
2173706
2173707
2173722
2173739
2173755
2173757
2173777
2173784
2173811
2173839
2173853
2173887
2173889
2173893
2173905
2173939
2173940
2173943
2173957
2173967
2173989
2174013
2174016
2174037
2174039
2174040
2174041
2174074
2174077
2174082
2174122
2174125
2174156
2174168
2174186
2174206
2174227
2174231
2174262
2174267
2174281
2174284
2174310
2174323_3
2174331
2174339
2174361
2174364
2174422
2174444
2174469
2174470
2174474
2174483
2174513
2174537
2174544
2174556
2174557
2174576
2174622
2174627
2174636
2174640
2174669
2174680
2174697
2174707
2174709
2174714
2174730
2174757
2174769
2174770
2174775
2174785
2174790
2174791
2174804
2174839
2174862
2174867
2174882
2174890
2174898
2174900
2174901
2174908
2174909
2174937
2174949
2174965
2175000
2175005
2175007
2175009
2175013
2175061
2175065
2175070
2175085
2175087
2175091
2175092
2175105
2175133
2175159
2175160
2175173
2175222
2175261
2175279
2175299
2175302
2175324
2175361
2175363
2175383
2175399
2175412
2175419
2175420
2175430
2175441
2175444
2175451
2175467
2175471
2175490
2175500
2175502
2175505
2175506
2175511
2175515
2175534
2175537
2175538
2175542
2175546
2175551
2175553
2175561
2175562
2175574
2175577
2175585
2175607
2175621
2175623
2175624
2175641
2175662
2175665
2175667
2175689
2175712
2175739
2175745
2175754
2175755
2175780
2175785
2175788
2175800
2175802
2175806
2175810
2175820
2175840
2175845
2175849
2175858
2175859
2175865
2175880
2175882
2175884
2175902
2175912
2175921
2175946
2175955
2175957
2175958
2175962
2175974
2175979
2175983
2175994
2176008
2176018
2176025
2176028
2176039
2176051
2176060
2176100
2176106
2176165
2176167
2176179
2176213
2176218
2176222
2176223
2176224
2176231
2176234
2176251
2176261
2176265
2176283
2176289
2176292
2176301
2176310
2176311
2176312
2176322
2176345
2176354
2176355
2176359
2176365
2176385
2176388
2176391
2176395
2176405
2176408
2176410
2176414
2176476
2176503
2176508
2176517
2176523
2176532
2176540
2176592
2176607
2176613
2176618
2176623
2176634
2176641
2176651
2176659
2176677
2176679
2176680
2176688
2176693
2176698
2176706
2176708
2176709
2176727
2176737
2176745
2176756
2176759
2176768
2176788
2176819
2176832
2176836
2176842
2176845
2176849
2176855
2176860
2176863
2176880
2176882
2176883
2176897
2176930
2176931
2176946
2176956
2176991
2176992
2176999
2177009
2177023
2177039
2177043
2177063
2177075
2177134
2177159
2177160
2177178
2177182
2177187
2177189
2177196
2177207
2177213
2177214
2177253
2177259
2177260
2177268
2177298
2177307
2177323
2177334
2177337
2177344
2177366
2177376
2177378
2177383
2177389
2177393
2177396
2177399
2177403
2177405
2177409
2177419
2177425
2177426
2177433
2177435
2177441
2177443
2177448
2177459
2177461
2177469
2177470
2177475
2177477
2177489
2177496
2177526
2177552
2177598
2177599
2177602
2177630
2177651
2177656
2177657
2177658
2177664
2177671
2177676
2177682
2177693
2177706
2177725
2177727
2177728
2177731
2177734
2177737
2177740
2177741
2177745
2177749
2177750
2177753
2177754
2177784
2177787
2177789
2177790
2177795
2177796
2177799
2177801
2177809
2177824
2177834
2177842
2177876
2177881
2177883
2177886
2177892
2177919
2177924
2177931
2177933
2177938
2177945
2177947
2177952
2177962
2177970
2177972
2177976
2177981
2177992
2177993
2178010
2178017
2178028
2178032
2178034
2178050
2178058
2178061
2178065
2178118
2178131
2178132
2178137
2178140
2178151
2178152
2178154
2178157
2178159
2178171
2178173
2178178
2178188
2178202
2178207
2178214
2178223
2178226
2178234
2178254
2178260
2178269
2178271
2178298
2178305
2178311
2178313
2178319
2178321
2178340
2178343
2178344
2178350
2178361
2178362
2178383
2178388
2178396
2178410
2178411
2178418
2178420
2178432
2178438
2178441
2178446
2178449
2178467
2178487
2178494
2178495
2178497
2178501
2178502
2178504
2178515
2178523
2178537
2178541
2178548
2178551
2178552
2178553
2178555
2178559
2178560
2178563
2178571
2178579
2178587
2178595
2178596
2178605
2178621
2178623
2178664
2178666
2178669
2178676
2178693
2178722
2178723
2178730
2178759
2178766
2178780
2178783
2178784
2178786
2178791
2178796
2178862
2178883
2178887
2178905
2178927
2178941
2178958
2179074
2179128
2179136
2179156
2179161
2179167
2179168
2179187
2179236
2179241
2179248
2179260
2179277
2179280
2179294
2179320
2179332
2179340
2179354
2179366
2179367
2179370
2179371
2179377
2179397
2179420
2179487
2179549
2179559
2179585
2179621
2179660
2179730
2179765
2179797
2179813
2179840_3
2179847
2179862
2179872
2179877
2179887
2179891
2179899
2179905
2179912
2179925
2179927
2179932
2179949
2179952
2179955
2179956
2179959
2179975
2179981
2179982
2179988
2179991
2179994
2180004
2180006
2180024
2180032
2180044
2180055
2180057
2180067
2180068
2180078
2180087
2180094
2180099
2180106
2180117
2180135
2180139
2180163
2180166
2180170
2180172
2180173
2180189
2180190
2180191
2180231
2180232
2180245
2180250
2180264
2180271
2180280
2180292
2180294
2180297
2180298
2180305
2180311
5001909995
5004111904
5004989444
5008458127
5008748323
5008978169
5009866404
5010877196
5010895012
5012195592
5012762440
5013024914
5013520769
5016318753
5019755940
5020237476
5023583996
5024234195
5026377585
5027866965
5029356252
5031143002
5033484934
5033728526
5033887621
5037734446
5039466369
5039601735
5040120447
5041136666
5041168992
5041741403
5042014771
5042771444
5044207261
5048561082
5055072832
5056683338
5060849513
5060925028
5060963875
5061036396
5061406537
5061625290
5064370466
5065389609
5065621006
5065957785
5071162101
5072071464
5072209598
5074242848
5075362932
5079216161
5080865324
5082865766
5084788709
5084819751
5085325204
5085515978
5085808162
5086390099
5086613409
5087384337
5088403195
5088538861
5088581476
5090142374
5092926107
5093616397
5095786267
5096301921
5097536435
5098922148
5099839939
5100546258
5102617750
5104264496
5105344482
5105721445
5110597422
5110997140
5112514073
5113334605
5113858422
5114057996
5114214564
5114363695
5117843624
5118146037
5118796964
5121000151
5121391364
5123436947
5124951937
5126692958
5127656557
5128902532
5129686275
5130646564
5130698041
5130816252
5132922761
5136946365
5139597639
5140628904
5141005125
5142723988
5143950256
5144016721
5144334587
5144524635
5144652532
5145282625
5145686901
5147095423
5147427296
5147511004
5148703444
5148987305
5149314940
5149769832
5150163963
5158850620
5159312719
5161114852
5161523650
5163645047
5163662215
5165096265
5166390065
5168936143
5169474615
5169598948
5170540952
5170644600
5170806734
5171371325
5171650951
5177070663
5177641725
5177767870
5178184237
5178364456
5178710164
5181921527
5182193857
5182456982
5184610227
5188794995
5190757257
5192632292
5193242633
5193990673
5194471802
5195847851
5197229461
5198017954
5199227185
5201001101
5202049411
5202968935
5204252939
5210515259
5210713960
5211529301
5211564107
5211576377
5216518187
5217902317
5219427637
5222284024
5224884220
5228338782
5229199442
5229803026
5231428429
5233474985
5233816940
5234629609
5235982344
5236079054
5237726595
5238642602
5240275303
5241416611
5243498063
5245500121
5246249211
5249939891
5252190410
5252370913
5253524029
5254505737
5259004052
5259461171
5260003500
5260844075
5260969714
5266279604
5267373999
5269960096
5272760495
5275134079
5278031430
5278148211
5279001097
5279811931
5285145860
5286288966
5287031195
5287384668
5287889648
5290385463
5291781823
5292652830
5292949734
5293759627
5294953087
5296985238
5297583209
5297913790
5297957003
5298218832
5299083188
5299311263
5300418387
5302954315
5302999397
5303920030
5304567584
5305659572
5306089411
5308171683
5308344325
5309179480
5312315332
5313076486
5324007246
5324062332
5324561209
5324763629
5326300532
5327227510
5330914395
5331047060
5333531971
5334731091
5336590359
5337529491
5343038697
5344002348
5344806859
5345234879
5345744751
5347914358
5348726088
5348738465
5349106176
5350804437
5354939710
5355380766
5356187616
5357663350
5359401265
5359481007
5359918254
5361315477
5361384517
5362032320
5362073855
5362376293
5365264291
5367464467
5372152329
5374374915
5376481169
5376674801
5380110465
5380609921
5381386470_2
5382062089
5382835377
5384420240
5386288160
5388221002
5388419050
5390475912
5390751405
5392033926
5392603904
5393831741
5394372104
5395587889
5396690870
5396724006
5396827548
5398721043
5398993744
5400781479
5402391364
5404554620
5405960327
5406236939
5406448036
5409865822
5413667446
5414954637
5415158818
5417418282
5418066101
5419195420
5419385327
5419971478
5420091943
5420594404
5421025895
5421906505
5422341903
5423272101
5426640927
5428418056
5428700894
5432971439
5434668950
5441171133
5441379682
5445086863
5445165845
5445650529
5447476626
5449060162
5450695729
5451118356
5451489444
5453700245
5454084655
5458966248
5460367545
5460437160
5462722876
5462809811
5467441740
5468361249
5468497673
5468614935
5469846256
5470493681
5470873291
5470996098
5471160243
5471512957
5471681886
5472919579
5472969451
5474559741
5474707536
5475407678
5475671245
5477739633
5482831958
5485482521
5485699033
5486077734
5489002598
5489800834
5491569400
5498209732
5500774640
5503181004
5504333586
5506521173
5508405956
5509101424
5509113533
5509327880
5509569606
5515197453
5517950690
5520530784
5520857980
5521450599
5525970394
5527372163
5527930302
5528789564
5529091889
5529525495
5529996450
5530551972
5533435985
5534815469
5536063795
5539389773
5544710825
5544999659
5547385309
5551110134
5555507670
5556614249
5556879155
5557081567
5557159871
5557493140
5557550824
5559193330
5559731157
5560447245
5560962829
5561228603
5562161687
5563167811
5566682914
5567523961
5568116690
5569375008
5569865368
5570738872
5571697780
5572298077
5575315903
5576845091
5579122722
5580604532
5580721223
5581313329
5583044031
5583947593
5585230405
5586691412
5587195793
5588468810
5589127516
5589356534
5594530177
5595339737
5595530634
5598204918
5600110734
5601352998
5601494394
5601990643
5603126251
5603146713
5603221470
5603364527
5603635538
5605792268
5606887807
5608332528
5608453491
5609077086
5611133119
5612535665
5613554516
5616318167
5618138303
5619216337
5623537644
5625217005
5629263155
5629354138
5631263154
5631422848
5635260923
5636449825
5637361663
5637513781
5637663426
5637823933
5638543051
5639949642
5641627488
5641718733
5642120899
5642644143
5642754863
5645344098
5646812029
5646886853
5648956059
5649664820
5650867162
5652572537
5652756791
5653967444
5657303821
5657497944
5657973161
5659853957
5660806782
5661564307
5662762140
5665423087
5666126564
5667872987
5670710755
5670755194
5671508446
5671674142
5672463036
5676029266
5677090037
5678044934
5679492383
5679872249
5681721186
5682319906
5682925631
5685485718
5692809279
5693744262
5694937898
5697063388
5697375698
5697385308
5700862089
5701438775
5702236032
5702643981
5703002151
5703300007
5708115553
5708316065
5710277626
5711201064
5711536031
5711946464
5714648428
5716501552
5716795121
5716907213
5718568027
5720285764
5721115422
5721123259
5721137933
5721713765
5723524136
5724347059
5729047897
5729603605
5731221080
5731541874
5731661476
5731729670
5734722509
5735393921
5737180980
5737695078
5738634943
5740134471
5741845369
5745752089
5747409826
5750492033
5751421374
5751609478
5751684367
5752812572
5757219821
5759461922
5759765161
5761198285
5762110703
5762827296
5763024975
5763560161
5765249096
5765489213
5765891697
5766836527
5767113435
5767453594
5768134006
5770049165
5770664145
5771126459
5771566835
5772189515
5777982729
5778068952
5779678937
5779810072
5780542676
5780756368
5781560837
5781800480
5781994783
5782064516
5783654821
5786194436
5789335121
5789729930
5789851604
5791880614
5792357704
5794564924
5795623800
5796132558
5797454045
5797678331
5799555082
5803298147
5803810641
5806340354
5806519328
5807305768
5808179230
5808407956
5808600758
5810651814
5812446236
5813206765
5814467906
5815419964
5816845220
5818464693
5819221929
5819483190
5819938837
5820463275
5821277200
5821346926
5825883845
5826747835
5827457895
5827718286
5829023326
5829321066
5830989063
5831251782
5832429068
5833390773
5838711211
5839503319
5842516962
5842938786
5844155022
5845790820
5847980204
5848312445
5850195963
5850976970
5851443262
5853079164
5853159941
5853489036
5854432147
5855091646
5855999474
5859721515
5860188692
5860214133
5860296645
5861657229
5861982112
5862527187
5863271801
5865431184
5867756926
5871648662
5872462718
5873746090
5874107905
5874543018
5874580984
5874870227
5875145661
5875266088
5875911811
5877848884
5880866221
5880917998
5882363259
5884649643
5885689864
5886374556
5889903790
5891535379
5892190024
5892240524
5893566390
5897511198
5898314363
5899048497
5899709404
5900999363
5901856036
5903373495
5903770190
5904645959
5904835431
5905366985
5905441087
5905906287
5906315368
5908899329
5909353819
5912681888
5914723079
5920202703
5921199057
5921391877
5922467194
5925170463
5925605897
5925746615
5926680069
5927029306
5927741677
5932262270
5933678550
5936630731
5937365290
5937745929
5938239170
5939068323
5940208586
5943619133
5943749791
5945340250
5945354468
5945354468_2
5945813900
5947355541
5948652306
5949808457
5952706919
5952925279
5953759662
5955903374
5958009685
5958460895
5961331708
5962344122
5967219314
5970111559
5970160951
5971866529
5974403414
5974909461
5975763904
5975967978
5977258008
5977539716
5977869263
5978121509
5979148258
5980176461
5980984453
5981329179
5982495564
5983461919
5985737926
5988205453
5989800698
5995585342
5996044382
5997573805
5998331319
5998422822
6001691626
6002803586
6002849250
6003004071
6003576615
6006905249
6008499212
6009447865
6009561091
6012438535
6013883388
6015824993
6016768148
6016897706
6018929282
6019651274
6020345608
6020687409
6021187538
6021318310
6022455334
6023486463
6025024219
6025581073
6026489011
6027765428
6028880475
6028886576
6030163712
6030595480
6031885831
6032248340
6032491747
6038472197
6039359658
6043314574
6044281142
6046144930
6047729352
6048099013
6048215832
6051118419
6053448490
6054009733
6054709188
6054978745
6055410726
6057574610
6059870427
6060977894
6061205256
6063962849
6065480941
6065523277
6066334397
6068192800
6073427108
6076174851
6076917628
6080345090
6082847662
6084054336
6084150149
6088036133
6089934288
6091637793
6092662754
6093370084
6094503764
6094975092
6095221318
6095225848
6095970241
6096693621
6100806410
6101500332
6103333112_3
6103531206
6105126889
6105744817
6106939396
6107161527
6107961876
6108409477
6108970123
6110974680
6111137788
6111365984
6113174518
6115120057
6115173472
6117013348
6117942198
6118773399
6119015584
6119691599
6120016715
6120273442
6122650316
6123433519
6123538682
6123673891
6127553851
6129808476
6132094184
6132094184_2
6132099009
6132611048
6133737522
6137201021
6139282835
6140725877
6141639760
6146311696
6148571209
6148598103
6150079035
6151327000
6151582311
6152820039
6154424134
6154891467
6155361268
6156437467
6156699918
6161648154
6161790653
6163928953
6164018441
6165016910
6165452545
6165567209
6165998686
6166426700
6166901540
6168355148
6169654700
6171187691
6172271461
6174503531
6174564112
6176306648
6176544617
6176795037
6177484448
6178186462
6178491525
6178856867
6181257956
6181483177
6182261811
6182345899
6184214788
6184476190
6185365535
6185408481
6186606277
6187062297
6187715418
6189199185
6191742792
6192885186
6193184561
6194056083
6194325425
6195956462
6196389116
6196966507
6197525004
6197654884
6199190756
6200736392
6203429445
6203629233
6204182084
6206106883
6207905017
6208168027
6210002627
6210278912
6212651025
6213790547
6213823280
6214482265
6214606485
6216432722
6224752606
6226984106
6227554237
6227755080
6228945548
6229619930
6231090895
6231346950
6233442011
6233642095
6234986994
6235565744
6236126031
6236129371
6237059063
6237328642
6239463592
6242362579
6245981626
6246249050
6246797762
6251865246
6256797101
6257414414
6258480381
6263798191
6264989632
6265679083
6266671495
6267138306
6267237639
6268812691
6268863243
6269631131
6270364876
6272459851
6272627384
6275712799
6276200303
6276564377
6277643776
6280179495
6280278070
6280895135
6282991731
6284832436
6285186593
6285930946
6288162094
6289360003
6291855695
6292519708
6294214582
6294727348
6294828625
6294868330
6294985244
6296157444
6299194008
6300096532
6300191690
6300430538
6301058817
6303879457
6307581738
6308204420
6308520140
6309299542
6310091193
6312807615
6313120688
6313300253
6313779926
6316385313
6317712870
6319430843
6323706792
6324588870
6326966826
6328142255
6328860527
6330812484
6333411902
6333459002
6333492555
6334917718
6336485557
6341073517
6344071722
6344633707
6345234592
6345988653
6347633248
6348888911
6349274992
6351401086
6352358119
6353958927
6355216007
6355440422
6356462940
6358968258
6359515578
6361798427
6364899744
6365057669
6366249140
6367251279
6367359606
6368605712
6369645540
6370117631
6373891504
6374361061
6377542377
6377542377_2
6377542377_5
6377542377_6
6381126767
6381912639
6383352066
6383764775
6384268111
6387141103
6388168582
6390014470
6390577015
6390660135
6393494690
6393924731
6397389988
6398253443
6399819956
6400157359
6400291493
6400432342
6401973471
6402317176
6403183950
6403310466
6404085527
6404649898
6405093697
6405857817
6406177451
6407230598
6407461027
6408506676
6408730046
6410739981
6411803857
6412821936
6413710668
6416037173
6417079763
6418340743
6418583486
6419821355
6421844850
6421935249
6423270048
6423555382
6425099912
6425745252
6426486901
6427608703
6427833641
6430212187
6430233791
6432526118
6434266868
6434790840
6435876744
6436159893
6436167743
6436820909
6438095545
6438990234
6439244194
6440597465
6441510736
6442005564
6443835116
6444702546
6444738377
6444989588
6445829730
6447087450
6449932207
6450227503
6451487066
6452805051
6456724989
6457517662
6458080504
6458895328
6460235231
6462523377
6462827935
6464316316
6464530343
6466159598
6466767931
6468309795
6468342637
6471703034
6474443514
6475244302
6475298641
6475652703
6478176248
6479073163
6480107423
6483731940
6485645865
6487413529
6487557665
6487966135
6488451241
6489691756
6490920991
6491699963
6493266841
6494036443
6494082687
6495226068
6496802255
6497332377
6497995985
6498544632
6501496050
6502062482
6502733852
6504821104
6508243101
6510194844
6512623477
6512682217
6514555754
6514787808
6514877166
6517154178
6519793859
6520362917
6520951602
6521381438
6521549098
6523722962
6523858317
6528223221
6528899307
6529118808
6530120737
6530383586
6530522931
6532708921
6536965978
6537623543
6537799231
6538163920
6539590042
6539620318
6539711688
6539884387
6541554250
6541888779
6541999672
6542126656
6550870202
6550994474
6552741017
6552741074
6554736548
6555064597
6556280745
6557034564
6557825396
6559471290
6561415609
6561587820
6563639543
6566816416
6567478034
6569786832
6569885463
6575395607
6577086375
6577696033
6577984618
6581052227
6582835398
6584052842
6584459089
6586351371
6586375353
6589495307
6589737420
6590697799
6595333571
6595640481
6599543497
6602685152
6602949585
6603244589
6603244589_3
6603288353
6603868286
6604487984
6604710822
6605519346
6606583527
6608539556
6608688396
6609246708
6609437610
6610134794
6612736366
6614500804
6616058583
6616409411
6616420601
6617275254
6621088020
6621311549
6623237046
6623473059
6624230185
6624274748
6625548465
6626966393
6628049811
6628944098
6633591562
6636358743
6636843146
6637396848
6637444609
6637545305
6638087777
6640230799
6643804299
6644209647
6646610424
6647302576
6647625963
6649055733
6649348199
6650843877
6651651965
6651677747
6652796471
6655841041
6656196290
6656281914
6660822868
6661108035
6661382218
6661709490
6662591402
6662999548
6665576329
6668525795
6668770035
6669855169
6672045562
6672200399
6673121406
6673790701
6674814217
6675352324
6676680928
6676747456
6684222980
6685492569
6686283783
6686522871
6689019112
6689451000
6692019236
6692748302
6694916714
6695750169
6695930323
6702225789
6705139566
6705533647
6706089992
6710697419
6712771815
6713841695
6714465812
6715767606
6716105744
6716478890
6719237175
6719885007
6721715817
6722386284
6722821967
6723470242
6723696750
6724066815
6726081065
6726138020
6728654752
6729754031
6730269713
6733933198
6735608820
6736053847
6737962970
6740687444
6740726987
6741354022
6743082708
6743253382
6745278076
6747364013
6748233595
6748436358
6750770677
6751045263
6751133612
6752815285
6754720761
6754852550
6755414119
6755434553
6755816090
6756525822
6757587360
6758323130
6759131890
6759226398
6760461584
6761694500
6762404587
6765133864
6765829401
6767621231
6768581801
6771036415
6771574144
6771798669
6773215595
6773228284
6773582909
6774110896
6774606341
6776362854
6778660371
6779023338
6780168822
6782749138
6786513459
6786905097
6787605361_3
6787743706
6790422129
6790435826
6792852266
6792959436
6794113311
6797150927
6798551684
6799166948
6799196144
6801390338
6801395293
6802257817
6802636003
6802736889
6802796741
6803376513
6803540643
6803945703
6804177029
6806029379
6807407528
6807585320
6808392881
6811017105
6811985958
6812836124
6813669000
6816549134
6816813774
6817504863
6817988880
6819552113
6822237529
6822399852
6822939064
6824566079
6827547878
6828450191
6829499881
6833553041
6834735380
6837336595
6839204777
6839282815
6842505535
6842521858
6843314204
6843561652
6843617984
6845305594
6845533761
6845764668
6849999347
6852233108
6852817598
6853252554
6855606385
6856266141
6856984025
6858558624
6858678877
6858993023
6859386282
6862254223
6862590376
6865490080
6866983709
6871193200
6874552112
6875682832
6875887566
6878200375
6879429390
6881239897
6883568513
6884155445
6884883641
6885164959
6885211933
6886525632
6889977344
6892791977
6893483222
6894034666
6895614362
6896367242
6900947553
6903765764
6904657901
6906379840
6907965452
6908745784
6908812828
6909354397
6909388010
6910273161
6911158748
6912084751
6913217366
6913548019
6913891195
6914148627
6916300463
6917213647
6918472181
6919071483_2
6920049640
6923451436
6923676099
6924544365
6925681766
6928515884
6928805634
6932448381
6934286415
6935429373
6937485455
6937947684
6940186486_3
6940186486_5
6940597611
6942521684
6945403689
6945599397
6947113018
6947742353
6948310064
6948560923
6949365717
6952342874
6953262559
6953772304
6955075707
6955606280
6955864542
6956535245
6957241889
6960661531
6961771329
6964581277
6966931364
6967279611
6967464982
6968581924
6968706484
6969488475
6969589963
6970666260
6971681105
6974878186
6976125935
6977624481
6978230626
6979737558
6981562486
6981707313
6982716590
6983210385
6983643147
6984421440
6985017774
6985121988
6985521321
6986928851
6987914696
6989370848
6990265709
6990405382
6991832289
6993357666
6994135449
6994214514
6994740143
6994908050
6995468451
6995571842
6997818634
6999485672
6999867047
6999947233
7000539330
7001017706
7001260383
7002319824
7002561701
7003720929
7003783376
7004138369
7004510563
7006414770
7006653209
7007134165
7008824260
7011630913
7013335245
7015591690
7016058398
7016110874
7018225607
7019897257
7022040669
7022774375
7024287409
7025174333
7027818653
7028009435
7028607076
7030130676
7030509204
7031021749
7031779592
7033083272
7033255980
7033381550
7033383323
7033525011
7034160642
7034391325
7034490578
7035145372
7035595536
7036467152
7039173655
7039240814
7041340119
7042406133
7042449159
7042655310
7043684081
7044071200
7044292984
7044809884
7045955447
7046534105
7046856611
7047142568
7047272856
7047688330
7048141617
7048705674
7051201261
7051203718
7057631179
7058600036
7060188411
7062412170
7063671366
7066118619
7066118619_2
7067238759
7067630484
7069087311
7069402536
7070099358
7070422710
7070728217
7071022305
7073868087
7075505039
7076639872
7078986225
7079561128
7080356059
7084039902
7085129960
7085630015
7086444049
7087336025
7087432008
7087841497
7088565905
7088829776
7090521944
7091285889
7091339473
7091441241
7092512048
7092871865
7093880272
7094124879
7094186704
7094613154
7098305014
7102352605
7102730775
7102818421
7103269570
7105950555
7106921078
7107479212
7108070375
7108392079
7109167230
7109363745
7109676530
7109815646
7110602199
7115152477
7115271750
7115678925
7128427718
7128437726
7129967802
7130572596
7130900534
7130949002
7131960731
7133683645
7134165808
7134268691
7134569697
7135304960
7135475552
7136725184
7136929905
7136959639
7139262371
7141482766
7141955490
7142584577
7142828197
7142953841
7144124093
7145849880
7146990210
7147421213
7148997902
7149263111
7150477107
7152133382
7153495664
7153521115
7157340622
7158075645
7159004108
7160172148
7160551141
7163002958
7163443825
7166294802
7166436065
7168288073
7169505108
7169980166
7170167572
7171410854
7173012484
7173216536
7173551915
7174231219
7174961028
7176040227
7177843071
7177904693
7181080712
7186208957
7186924139
7187197516
7188052647
7188315115
7188581194
7191440702
7192511559
7193379736
7193540537
7194123952
7194310618
7194432829
7196948769
7200463869
7202012256
7203141481
7203404230
7203897111
7204597141
7205917990
7208310203
7209648876
7211776813
7212591335
7215022610
7215160363
7216637591
7218665458
7219041822
7219696368
7220227820
7220241571
7221714072
7222813534
7225047780
7227058617
7230200408
7232948700
7234807883
7237385989
7237480519
7237532719
7237540855
7238380909
7238595420
7238972537
7239246011
7243541491
7244434800
7244811533
7244854680
7244911366
7245178831
7245623861
7245811551
7246399808
7248663237
7248925987
7248964529
7249280068
7249758729
7250257473
7251416977
7252035796
7252255932
7253573205
7253946316
7255241708
7255709071
7256698629
7257375237
7261875969
7262194079
7264801216
7266865284
7267363581
7267401785
7267838994
7268725725
7269546610
7269765065
7272001107
7273447741
7273847275
7273926437
7274529161
7275470387
7276118752
7276372701
7276672758
7279854505
7280161092
7280646237
7281332797
7281920065
7285818841
7286700704
7288168558
7289484441
7289641706
7291424376
7295354644
7296165022
7296923345
7297038547
7297041082
7298043953
7298068203
7298308763
7298511168
7298585440
7302644708
7303106415
7305094032
7311455088
7311455088_2
7314025086
7314451658
7314956839
7317182952
7319416008
7319618505
7320147323
7320301389
7321789286
7322219294
7325231194
7325325627
7325691699
7327302012
7328329057
7329999408
7332572847
7332826452
7335233198
7337137603
7337494601
7338106133
7339737730
7340665915
7340967836
7343422976
7345099616
7347600931
7348890751
7351338555
7351635920
7352833891
7356831828
7358940371
7360092686
7362516949
7362732404
7363291667
7363967986
7367057324
7367081033
7368205063
7369215363
7369661250
7369962041
7372980874
7375486629
7375854504
7376989078
7377782398
7382309871
7384853888
7385507114
7386953175
7389959361
7391904580
7395067117
7395867100
7397939871
7398018208
7398817859
7399288985
7399433979
7399776433
7399845152
7400375942
7403226885
7403441335
7403682850
7403763335
7405432214
7406017109
7409318622
7411524355
7412143298
7412814634
7413640581
7413859983
7417540542
7418788940
7419398504
7421761885
7422370025
7423348818
7423898896
7424126201
7424370142
7426012212
7427440767
7427956559
7429579892
7429637864
7430960497
7432379399
7434717393
7437622158
7439761150
7442212826
7444899883
7447708015
7449296725
7455230637
7456320641
7459398667
7460014832
7460170807
7460330003
7462393159
7464720949
7466147060
7466980160
7468767715
7469389111
7469631604
7470383976
7470418143
7471074936
7471301151
7472608359
7472637167
7478719302
7479003197
7479624389
7480363790
7480765097
7480866091
7481803074
7482145876
7486596074
7487787754
7488607622
7488721088
7490001076
7497088098
7498219554
7498504749
7502903987
7503208132
7503548013
7503945063
7505399070
7505439254
7506202673
7506296213
7507046763
7508330282
7508840190
7510510872
7510564220
7510593024
7515061920
7517068066
7517144712
7519169114
7521766577
7522570401
7523579873
7524345041
7524978189
7526672936
7528349257
7528527777
7528756622
7528819930
7531231313
7534373033
7535698024
7535868138
7538452544
7538650338
7538786975
7538815513
7540228763
7542995566
7543703075
7543793091
7549101006
7549765785
7550034318
7550831217
7551298599
7558738786
7561144666
7561602740
7564192114
7564427071
7571055751
7571667318
7571757972
7572054244
7572253807
7572676714
7572909738
7573820684
7575473824
7575613876
7575842952
7576344970
7576476694
7577992308
7578800857
7579913479
7580420904
7582986069
7583254891
7583674934
7584569445
7584889997
7586349069
7586774700
7587082825
7588841296
7589976153
7591724241
7593863617
7593994445
7594069488
7594501100
7595032641
7595155364
7596117031
7596135738
7596409855
7599459164
7599524482
7600505091
7602214781
7603123299
7605790867
7607014085
7607854896
7608207055
7609857456
7610303229
7611078186
7612509170
7612920230
7615676663
7616207703
7618290209
7618743814
7619621824
7622880362
7623168697
7623719219
7623996378
7625951754
7626195739
7630457483
7634144219
7634229135
7634844930
7636581893
7637025585
7642425204
7643563549
7643970058
7644015957
7644632197
7648537328
7649449409
7649499890
7650253590
7650437222
7650577587
7650903051
7652470459
7653063838
7654626917
7655284461
7658661975
7660963850
7660999024
7661493872
7663315744
7663647518
7665827517
7668142147
7668212830
7670267841
7671036352
7672122368
7673266561
7674023693
7674231052
7674288933
7677635744
7678872274
7679590685
7680605398
7684554446
7684904732
7687221870
7689549798
7691881591
7691958820
7692433071
7693544011
7693660770
7695539075
7701363255
7702599435
7706482129
7706869765
7707898721
7708747484
7710193867
7710611618
7712439911
7713688036
7714299262
7716595841
7716904060
7719414519
7720078550
7722102900
7722311184
7723715276
7724432629
7725782591
7726928513
7729860985
7729901752
7730237803
7730840658
7731439522
7732336536
7732623556
7733358946
7733547470
7735546737
7740776616
7743013995
7744593303
7748310352
7751670668
7751964630
7752411043
7753531167
7754057403
7754535694
7755558452
7757664644
7758287822
7762547054
7763841787
7767094187
7768301554
7771252624
7772718864
7772953884
7773418937
7775560694
7776515806_10
7776515806_4
7776515806_6
7776515806_7
7777210055
7778409387
7779900938
7779903569
7780630003
7781275520
7783469563
7785816520
7786701231
7787036505
7788929215
7789745568
7793842279
7794114385
7794179831
7794366146
7795712620
7795782606
7796476422
7797194440
7797432741
7799560605
7800117288
7800315099
7801046032
7804977351
7806077414
7806990829
7809200384
7809252377
7810027366
7814842172
7815038786
7816290474
7816526165
7818068122
7818926368
7821878002
7822715799
7824879514
7825284969
7825704390
7826114185
7826621375
7828248624
7830357957
7830629224
7830901797
7831453416
7831801984
7832250146
7832319320
7835057196
7835973132
7836452202
7839314013
7839680851
7840456966
7840541576
7840653383
7840989953
7843574716
7844214367
7845344398
7846317038
7847763484
7848336468_2
7850758732
7850909585
7852905651
7854438451
7855942563
7855999352
7857294634
7859714072
7860281906
7861353604
7862729255
7865372496
7866419686
7869407457
7870787287
7870959937
7872101515
7873090926
7874637444
7874988924
7876806525
7876886949
7878521006
7878558889
7879291377
7881049751
7881118597
7883700294
7886004961
7887747219
7888421933
7889109170
7890236158
7891823788
7892464690
7892519562
7894643905
7894976476
7895208637
7896830581
7898076097
7898942772
7899287264
7899535550
7900440209
7900570348
7900872943
7901379036
7901658614
7905541583
7905896943
7907119232
7907374664
7910137137_2
7910660825
7912745836
7916585026
7918541516
7919967484
7920073542
7920282091
7926321037
7927101190
7927344876
7927590060
7929655903
7930752651
7931193950
7931457216
7933177646
7933441755
7934439275
7936918295
7937174206
7938651586
7938726540
7939008003
7940022566
7941849392
7942184883
7943217796
7944697674
7945804367
7946603062
7947310354
7952080164
7954242487
7954994093
7956146987
7956818364
7957947607
7957993627
7958346875
7960381522
7961624487
7963644000
7964929591
7965601945
7965889050
7966981977
7967574747
7967729888
7970627106
7970813575
7971066119
7971141505
7974132806
7975053273
7975071762
7975721682
7976706315
7977765924
7983038328
7983808794
7988878154
7989403641
7995615672
7998818605
7999120139
8001106732
8001176033
8002664461
8002833046
8003025553
8003048134
8003341546
8003798869
8005109615
8005251315
8005899366
8007938841
8008637851
8008676779
8010799619
8011321151
8011570530
8012802208
8013064660
8013149094
8014181082
8014852887
8016453787
8017374397
8019079994
8019273157
8020164111
8020237283
8020455560
8021086107
8021258243
8021569509
8021584615
8022451111
8024370170
8024672929
8024914333
8025925324
8026075031
8026708164
8027410207
8027678675
8028710188
8029467568
8030456993
8030854150
8031076312
8031678215
8032386901
8032610512
8033474678
8033942354
8035461555
8035798175
8036243875
8036662584
8036797575
8037757115
8038457275
8040147457
8041069318
8042450372
8042581381
8042586831
8044017902
8044136677
8044309425
8045034130
8045081262
8045712129
8046298637
8046945854
8047070148
8047372076
8048653092
8048818949
8049916077
8050296930
8050384934
8050656091
8051179146
8053029543
8053531136
8053577817
8053579779
8054784821_5
8054784821_6
8056509681
8057201085
8057654990
8057724716
8058168392
8058355976
8059395442
8059765685
8061378574
8061737140
8062805413
8063033121
8063209049
8064180084
8064301053
8064445850
8064733461
8064959600
8066121049
8066325088
8066869167
8067595931
8068801276
8069283960
8069382752
8069655909
8070245318
8070698672
8070837277
8071062642
8071213192
8071506274
8071955386
8072481637
8072541445
8073372338
8073836776
8075136720
8075489626
8075526608
8075802493
8076258997
8076494399
8077452167
8077694825
8077725905
8079141535
8079227323
8079337549
8079849319
8080421471
8081679346
8081831617
8082099951
8082169139
8082654139
8083013418
8083561053
8083654071
8083962225
8084858873
8085415112
8086161998
8087669708
8087796046
8087899484
8087950457
8088010062
8088189022
8088639761
8089594668
8090036417
8090212000
8090753284
8091588128
8092353624
8092371804
8093291830
8093731348
8093822361
8096652352
8096936643
8097339577
8097386425
8098222330
8098296165
8098604820
8098914483
8099464547
8099885591
8100328472
8102472436
8103455875
8105004613
8105228281
8106187655
8106221497
8107075624
8107415621_2
8107703149
8107784935
8108669548
8111054769
8111111159
8111703624
8111905465
8112183711
8112550322
8112764636
8113645915
8113973758
8114272091
8114775475
8115512683
8115593013
8117345609
8118130366
8118543346
8118659945
8119122369
8119619600
8120879951
8120910484
8122158303
8122167285
8122358980
8122629430
8122659851
8122924074
8122976527
8124512323
8124544687
8124640444
8124879134
8125154225
8125611057
8125861474
8125891282
8126659903
8127878239
8128232562
8129803447
8130365741
8131805259
8131811164
8133018090
8133702788
8133952749
8135048887
8135234571
8135428778
8135669271
8136864429
8137114827
8137205545
8139215394
8139794794
8139878388
8139894764
8140723575
8141018013
8141102995
8141751561
8141787164
8141856296
8142145085
8142496098
8143451212
8144805436
8145166560
8146870340
8146952781
8147589738
8148003039
8148394157
8148545942
8148743875
8148943883
8149026982
8149218698
8149889142
8150589279
8152154295
8152408004
8153674696
8154791226
8154848712
8155201730
8156232714
8157302753
8157369801
8157898361
8158133851
8158666402
8160173489
8160429789
8162094105
8163218047
8163276988
8164482799
8164908928
8165814268
8166705567
8166954877
8167659327
8168446806
8169223294
8170683115
8171770355
8172409776
8173342459
8173646542
8173823185
8176036282
8176050351
8176495039
8176526013
8177482658
8177648778
8178330672
8178782021
8179054312
8179383752
8179684247
8179989050
8180004290
8182325807
8183934640
8184041532
8184420625
8184980636
8185698305
8185998284
8186384348
8186400099
8187152794
8188063940
8188075811
8188231289
8188919510
8190179420
8190315293
8190958540
8191005425
8191478961
8191515180
8193100377
8193781932
8195522441
8195593742
8195976777
8196268689
8196877269
8197014288
8197072778
8197206727
8197554545
8198054542
8198415286
8198947524
8200417693
8201772416
8204460025
8205767477
8209206290
8211535171
8212268596
8212732022
8213155896
8213525701
8214217205
8214386306
8214727297
8214816462
8214928201
8215262259
8215755801
8216062649
8217323648
8217363757
8217552606
8217799135
8218356618
8218812156
8218817618
8218993239
8219064623
8219121519
8219258227
8219444441
8219885525
8220382233
8220476684
8220693700
8221289556
8222520670
8223302599
8223337679
8223477033
8223484667
8223856365
8224706875
8225635895
8225909512
8227163229
8227916294
8228273596
8229080761
8229970630
8230467777
8232929427
8233352337
8233895967
8234001244
8234161889
8234926347
8235849330
8236483921
8237720498
8237854582
8238015889
8238528788
8239103011
8239262606
8240382658
8240509029
8240726976
8241499810
8241520968
8241605505
8241917004
8242213588
8242219666
8242360759
8242453414
8245632415
8246550375
8247175338
8247288275
8248255026
8248714089
8251020781
8251813613
8253030558
8253216918
8253576303
8254436369
8254952038
8256214149
8256598776
8256636605
8256793408
8257122049
8257398394
8257757693
8257852323
8258076897
8258588815
8260883055
8260899200
8261685893
8262342845
8262349315
8262602670
8263419928
8263760562
8263991254
8264644567
8265454946
8265714180
8265959244
8266229600
8266335945
8266463411
8268892410
8269777291
8269963973
8270023955
8270621444
8270628534
8271134222
8271858448
8272128496
8272307988
8272824714
8273155641
8273382558
8274993153
8275376529
8275727213
8275937567
8276137611
8276235115
8276873367
8277383719
8277613492
8278440281
8278676652
8279656582
8279885052
8280199127
8280351164
8281001085
8281192028
8281711843
8282514897
8282517876
8282935200
8283022527
8283319881
8283419975
8283475309
8284848479
8285064346
8285142977
8285848193
8285892705
8285941678
8286074720
8286277442
8286434957
8286870704
8287446100
8287474259
8287514722
8288968349
8289496705
8290693195
8290811101
8290903896
8291075543
8291172625
8292246654
8292274940
8292934810
8293677841
8294462846
8294482105
8294993480
8295573377
8296206863
8296391367
8296495094
8296694613
8296724398
8297049878
8297673073
8299423434
8299623153
8300942458
8300990864
8301135455
8302993803
8303032875
8303429460
8304329386
8304729383
8305187339
8305223422
8305267617
8305297231
8305568248
8305569705
8305614333
8305910588
8305919550
8305994427
8306576925
8306833362
8307459724
8307719127
8307781346
8309339187
8310243335
8310627594
8310765175
8312907149
8312957246
8313258213
8313770679
8314970197
8315291498
8315324469
8315841364
8316865870
8317120682
8317918770
8317918770_2
8317918770_3
8318133239
8318439270
8319836293
8320352641
8320567654
8321058234
8322421377
8323305463
8324737231
8324959894
8325693072
8327571620
8328939703
8329547796
8330326065
8330333324
8330345860
8330448884
8331842297
8332491534
8332893317
8333317534
8333615789
8333793533
8334270146
8335538893
8335756203
8336343213
8336671413
8337116513
8337355811
8337753588
8338355653
8338386487
8339207540
8341542869
8346639410
8346773282
8348696836
8349107515
8350108226
8351157988
8351882858
8352630967
8353248441
8353390396
8353623143
8354909966
8354947901
8355087203
8355271082
8356742496
8357863200
8358103724
8359497298
8359946501
8359971417
8360036846
8361271137
8361442711
8361563616
8362316430
8362785990
8363075533
8363087080
8363161691
8363272896
8363855431
8364459579
8364618643
8364825952
8366258876
8366649016
8367657116
8368345639
8369226310
8369437952
8369850239
8370443130
8370592562
8371089549
8371585208
8371974461
8372881096
8372921627
8374154842
8375533536
8375555658
8376312463
8376430374
8376979837
8377398445
8377491572
8378215902
8379405290
8379751137
8380317240
8380400715
8380965504
8381398690
8382092778
8382138066
8385102928
8385177451
8385214853
8386565898
8386799175
8387268910
8387441790
8387996193
8388276245
8388310185
8389506093
8389861872
8390204773
8390790727
8391400773
8391703723
8391709426
8391777218
8393971881
8394100296
8394555579
8395185460
8395553511
8395688909
8395897789
8395949636
8396515034
8396630455
8397156639
8397371604
8398084828
8400505921
8400931678
8402359416
8402369911
8402433804
8402652461
8403131200
8403166917
8403295757
8403347162
8404396859
8404628445
8404973233
8405632366
8406026760
8406132312
8406672219
8406889054
8408018831
8408174490
8408486733
8409033498
8409066218
8409534640
8410249247
8410549541
8410842439
8411111312
8411222852
8411595380
8412472122
8412533722
8413341949
8413669925
8413718633
8414246290
8414381626
8414898280
8415511736
8415533868
8415934555
8417609627
8417735444
8418042213
8418061551
8419132623
8419291518
8419331590
8419371257
8420995620
8421872601
8422304203
8422405179
8423389368
8424151581
8425452141
8425685837
8425854715
8426080479
8426171278
8426334536
8426343715
8426361220
8426891873
8427110040
8427399070
8427660340
8427898428
8427977168
8428047091
8429191107
8429474266
8430275028
8433686796
8433808772
8435015757
8436111099
8437296004
8437821166
8438026315
8438106710
8439494547
8439991593
8440830868
8441263425
8443003244
8443064653
8443235305
8443701048
8443744861
8443963012
8444617971
8445245359
8445541429
8445708620
8446669817
8447278186
8447703781
8449399944
8450148220
8450933146
8450996414
8451074842
8451545714
8451659259
8451995899
8452236694
8452586851
8452711649
8452823731
8453182925
8453506830
8453811698
8453982176
8454667401
8455505627
8456233520
8456233798
8457476460
8458554969
8458723218
8459319981
8459344381
8460310126
8460884354
8461609258
8461988530
8462253445
8463452716
8463646893
8464465027
8465926580
8466844242
8467113447
8469017265
8469824854
8470303947
8470548313
8470644266
8470686456
8471415582
8472120856
8472195002
8472604524
8472925512
8473823437
8473856170
8473987243
8473988894
8474509274
8475490073
8476107467
8476535912
8476628709
8477809756
8477933763
8478738307
8478865628
8478915587
8479503863
8479560585
8480410935
8480771071
8480877078
8481379966
8481767830
8482863367
8483036177
8483191015
8483644725
8484177955
8484202026
8484901509
8486007789
8486100472
8486951845
8486994929
8487722836
8487773042
8488192530
8489430841
8489726717
8490728195
8492354549
8492699466
8492757969
8492797997
8493624090
8494107795
8495276748
8495654365
8496599100
8496726557
8496907771
8498434005
8499526045
8500802700
8501569222
8502464358
8503141390
8503179120
8503918225
8504697120
8504824645
8505042803
8505278720
8505554093
8505705995
8506850500
8506935971
8506987345
8507020508
8507059698
8507135853
8507304064
8507310253
8507411895
8507861335
8507968425
8508649789
8510567292
8510913805
8511750245
8512210105
8512276115
8512494290
8512977020
8513832997
8514656143
8519401870
8519572326
8519845235
8520468140
8520652777
8520858875
8520941324
8522422231
8522942046
8523562343
8523839387
8524357675
8524774442
8525276754
8526892244
8527846978
8528695144
8529055813
8529586671
8529696008
8530024279
8531270133
8531889324
8532289379
8532672726
8533697619
8535609461
8537423916
8539030078
8539570389
8539733314
8539859888
8540019226
8541090768
8541480387
8543765935
8544159270
8544911935
8544962433
8545932432
8546217456
8547118977
8547387910
8547657381
8548220849
8548531379
8549732146
8549966135
8550354764
8551423015
8553163981
8553670878
8554227838
8554522229
8554775519
8554971527
8555159786
8555749758
8556021462
8556289915
8556420357
8556472785
8556593440
8557684735
8557779922
8558031271
8558056579
8558654044
8559187353
8559307881
8560407982
8563968685
8564142245
8564629631
8567210572
8567261790
8567964387
8569078649
8570248856
8571727029
8572352433
8573648276
8573697932
8576022319
8576931458
8578521822
8579126266
8579588740
8579634545
8580252929
8580430578
8580584333
8580797382
8581695440
8581887558
8583502378
8584455869
8585124867
8585455467
8585815589
8587560721
8587859690
8589605775
8589802111
8589941489
8590533074
8591630765
8591777550
8594003223
8594383287
8594875137
8594974698
8595754494
8597267195
8597830360
8598436340
8599183963
8599701142
8600251566
8600973339
8601547848
8603323673
8604330190
8605157065
8605235191
8605367646
8605671681
8606052375
8606113058
8606316675
8606334501
8608159363
8609084105
8609310301
8609490539
8609746436
8609762618
8611508316
8611516076
8611735949
8611812585
8613330074
8613700960
8614528066
8615269547
8615387523
8616128964
8616244574
8617447556
8618150689
8618232487
8618533839
8619155149
8619435374
8620498475
8620692946
8621018630
8621050830
8621475278
8621996104
8622917021
8622925526
8622986301
8624049630
8624162360
8624416735
8626215099
8626272413
8626551819
8627704678
8627961423
8629002289
8630802426
8630891418
8631145828
8631507379
8632995939
8633346911
8633454816
8634458207
8635202812
8635883695
8637004249
8638596562
8639042089
8639183262
8639794773
8641378016
8642172007
8642773624
8643692039
8643723252
8644158753
8644190023
8644552754
8645308328
8645361570
8645935132
8646773940
8647639080
8647652134
8647916884
8648289295
8648779085
8652859599
8653895793
8653911572
8654747541
8656631468
8656737626
8657186591
8657211472
8658918362
8659113450
8660550734
8660793018
8660924173
8661335753
8661376573
8662051413
8662301974
8663125233
8664738644
8665195644
8665425420
8665776928
8665866793
8670488904
8671765323
8671963124
8672264654
8672528958
8673050001
8673294387
8673345740
8674062186
8674098619
8675535347
8675543645
8675877156
8676102467
8676322471
8676884001
8677162873
8678133661
8678244527
8679138326
8681024536
8681298339
8681498797
8681662217
8681772344
8684395754
8685208576
8685547409
8688658135
8689252740
8689447828
8689500906
8689555202
8689726562
8689924162
8691959639
8691964732
8691976224
8692342605
8692484619
8693753897
8694961157
8695332529
8695716869
8696060470
8696837538
8697621835
8698719292
8698998009
8699056100
8699352373
8699586190
8699715562
8699915011
8700912793
8701285559
8702660913
8704494104
8704673886
8704975893
8705297125
8705356802
8705676748
8706081563
8706488605
8706815070
8708066028
8708409558
8708577410
8709063948
8709705931
8709805164
8710220194
8712009085
8712771044
8713960712
8714020244
8714043585
8714200212
8715251498
8715592874
8716012188
8716357583
8717444088
8717864444
8718845858
8719216991
8719456372
8719898439
8721602849
8722566172
8724211255
8728333180
8729773967
8729930453
8730009373
8730030023
8730197245
8730263533
8730461730
8730470267
8730677919
8731532067
8731939789
8732004868
8732424860
8732487129
8732577850
8732947793
8733959545
8734001393
8734146532
8734600761
8735660284
8735720614
8736712457
8736818554
8736986426
8737494412
8737717786
8738956417
8739825368
8741953874
8742033457
8742254641
8742557570
8742604612
8742788832
8743255373
8744301339
8744388297
8744855549
8744950779
8745130965
8745704148
8746840494
8747721427
8748503016
8748851298
8749367444
8749534127
8750770299
8751081602
8751717370
8753070424
8753169923
8753247112
8755232921
8755439884
8755672884
8756539549
8756832691
8757461313
8758313805
8758609071
8759625796
8759786646
8759838888
8760185014
8760670958
8760752251
8760938272
8761235540
8762101643
8763123102
8763124509
8763188274
8763328466
8763493299
8764988126
8765662273
8766349249
8766619542
8768207481
8768219394
8768280649
8768394834
8768970535
8769307700
8769681038
8769707369
8770398399
8772245958
8773777602
8774397856
8775406485
8776139454
8776239894
8776491560
8776753623
8777215085
8777648856
8777659103
8777879403
8778166755
8779647684
8780523448
8781389054
8781758887
8785608041
8786774936
8787073583
8788316990
8788685963
8789638852
8790080056
8790483968
8792202275
8792354932
8792792231
8793500634
8794334374
8794424618
8794460643
8795951967
8797369480
8798097062
8798099804
8798936144
8799030378
8799354591
8799492039
8799999026
8800039617
8800268214
8800422650
8802178738
8802973548
8803703363
8803873738
8804713076
8804793041
8805128144
8805972062
8806162082
8806215512
8806272362
8806340386
8806341729
8806364060
8806990818
8807995227
8809470149
8809636373
8809731185
8812041390
8812120975
8812224637
8812386494
8813952855
8814618482
8814720824
8816343292
8817350480
8817737992
8819360972
8819815445
8821957241
8822573549
8824282524
8824777831
8826478462
8829033868
8831033226
8831616720
8833993426
8836346937
8836651452
8837241863
8838093035
8838643043
8839166637
8840644061
8841122913
8841600865
8842023121
8842641693
8842753797
8843879261
8845155383
8845531726
8846191322
8846228703
8846621016
8846648088
8847334548
8847361314
8847466479
8847602402
8847738640
8848452590
8848706899
8848935017
8849167398
8849757659
8849994092
8850201345
8850493892
8851357125
8851574711
8852779606
8852786941
8854249516
8854249765
8855209724
8856893391
8856898232
8857494331
8859314809
8859690286
8859739329
8860832227
8861028437
8861569579
8862049599
8862268911
8862354527
8862584848
8862899663
8863975413
8866169557
8866228979
8866436477
8867924048
8868502595
8868550935
8868679905
8868738099
8869410537
8870088412
8870786074
8871334956
8871498091
8872714743
8872938582
8873400967
8874325413
8875172236
8875613461
8875946688
8876145105
8876555510
8876571070
8877156912
8877207346
8877467164
8877836361
8878219356
8878897811
8879544793
8880081613
8881127670
8881222061
8881479812
8882523080
8882547662
8882715161
8883308498
8884587215
8884753038
8885310210
8885396530
8885695402
8885989860
8886030098
8887384156
8887490290
8888668461
8890607237
8890683297
8890710731
8891481381
8893097720
8893211819
8893243421
8893523547
8893695924
8894110480
8894123366
8894873461
8895017574
8895252511
8895888823
8896276578
8896819776
8897000125
8897141630
8897321526
8897528340
8898659397
8899161981
8899215506
8900468964
8900960580
8901280463
8901311395
8901711515
8901870752
8902320695
8902365399
8903094670
8903393971
8904437650
8904439267
8904532630
8904834641
8905082555
8905200663
8906102699
8906511863
8906814978
8907612804
8907830196
8908886212
8909059695
8909989554
8909994701
8910910930
8910927725
8911052996
8912486740
8913251080
8913359963
8913396559
8913494503
8914133221
8915946952
8917355537
8917921211
8918530155
8919659178
8920124876
8920402470
8921095915
8922774485
8924923683
8926736445
8927827010
8927870148
8927905457
8927963603
8928024121
8928108463
8929254222
8929370386
8930228754
8930246147
8931133165
8932108843
8933155213
8933532318
8934500159
8934807655
8935019202
8935559475
8935806645
8935825275
8936766350
8936877784
8937252290
8937330000
8937944644
8938316089
8939727759
8940691547
8941140631
8941578873
8942342659
8944939585
8947767811
8948262127
8948669787
8948874029
8949114345
8949371899
8949608910
8949675629
8950040854
8950550433
8951193578
8952077880
8952412531
8952567219
8953928103
8955328103
8955637712
8956541343
8957214453
8958011764
8960013600
8961448386
8962104741
8962256537
8963947280
8964344411
8966055983
8966467280
8967093159
8967581056
8968605054
8969199747
8969710012
8971033821
8971067620
8971865758
8971896895
8972683333
8973044240
8973094675
8973313006
8973547143
8974455066
8974486120
8975325601
8976510461
8976779485
8977463319
8978305172
8978786276
8978978257
8980232922
8980366276
8980567962
8981299731
8981383745
8981758161
8982143988
8982304227
8982535258
8983532329
8984045449
8985652213
8985989780
8986340370
8986610236
8986738303
8987866757
8988028000
8989555343
8990716901
8991045015
8991081500
8991935976
8992003172
8993550853
8995014621
8995087286
8995548429
8995667945
8996174990
8997354951
8997595524
8999093300
8999245473
8999328369
8999367100
8999825130
9001005434
9004264971
9004772509
9004840486
9005816504
9005822617
9008236344
9008726744
9009335139
9014805327
9016385008
9017025448
9017707793
9019458418
9021778911
9023586056
9024426355
9024442083
9026803737
9028967022
9029871352
9035161862
9036314901
9036364062
9036457639
9037204831
9038097988
9040837616
9041998843
9043193845
9043622252
9047577426
9048776400
9048900558
9050439774
9055254196
9056831164
9057149982
9059920134
9062246001
9063452629
9066213803
9067400280
9068971177
9069632190
9071444200
9072068985
9073092103
9073127180
9073176196
9075914208
9079386072
9080077268
9081218220
9084713793
9084772648
9084892925
9085478447
9087996411
9088576171
9088781214
9089278659
9089394342
9089769783
9090241592
9093637517
9094755205
9098369057
9098858481
9102001459
9102304900
9108418505
9111973037
9113184674
9117546598
9118637446
9121677669
9125227334
9128722947
9130226364
9130237895
9132117473
9132245475
9133416523
9134575970
9136348388
9137821423
9140472609
9141150300
9141243679
9143312515
9145191599
9146934404
9147182076
9148014760
9150507531
9154235057
9156354434
9156712339
9158765361
9159107114
9162693373
9162753882
9162843557
9162862311
9163065203
9163117826
9165023273
9165579218
9165847915
9169890238
9170025668
9172133664
9172622033
9177589656
9182738582
9184055832
9185024515
9185079087
9186866194
9190073392
9190113064
9190189505
9191677591
9191771880
9191932502
9192739769
9194083335
9195490581
9195912276
9197684607
9199626926
9200467523
9202136425
9202321409
9203708721
9206817546
9207340369
9209379571
9210228034
9211368039
9215158161
9215224394
9217139539
9218459955
9220027289
9220183576
9220431222
9223433590
9224667368
9225137997
9225997141
9228487486
9229332093
9231443792
9231799031
9232968296
9234919106
9235366188
9235614823
9235995515
9237954795
9239664901
9239998616
9243063981
9243113918
9244787729
9245416194
9245849849
9251665765
9251917430
9254121708
9255218705
9256361959
9259346132
9259850993
9262181630
9267851896
9269378694
9269541126
9270245811
9275033751
9277057963
9278208919
9278254822
9280969071
9281148970
9281294084
9281407434
9282122224
9283483376
9285120229
9286152122
9288080961
9292844872
9348993716
9383047798
9394665040
9401302484
9572384233
9607288459
9690060447
9888023655
9923826791
9994735817